1 0
2 0
3 78
4 5120
5 10361
6 16332
7 19715
8 24002
9 28024
10 31815
11 35752
12 40769
13 44070
14 48227
15 53737
16 56933
17 61853
18 65125
19 3984
20 8020
21 13157
22 16037
23 21614
24 24726
25 31584
26 35240
27 38813
28 41716
29 44802
30 48083
31 51716
32 56424
33 59675
34 61729
35 298
36 4771
37 8208
38 10894
39 17096
40 21198
41 25272
42 30781
43 36459
44 41966
45 45868
46 48781
47 51193
48 53814
49 56611
50 61641
51 65450
52 3705
53 9579
54 13946
55 18097
56 23710
57 28421
58 33881
59 37476
60 40804
61 46322
62 50754
63 56777
64 61231
65 65153
66 4347
67 10312
68 15198
69 18189
70 22942
71 29425
72 35055
73 41223
74 44224
75 48301
76 53503
77 58375
78 63627
79 5400
80 9987
81 15945
82 21156
83 25948
84 29538
85 32755
86 37519
87 43418
88 48102
89 53091
90 57322
91 61083
92 65267
93 4708
94 9529
95 14868
96 19097
97 24809
98 29689
99 34149
100 38263
101 41351
102 48010
103 51820
104 57095
105 62369
106 449
107 6204
108 9417
109 13659
110 17365
111 22761
112 26221
113 31159
114 34344
115 39451
116 43855
117 47810
118 52074
119 54858
120 60881
121 64942
122 7274
123 11243
124 15886
125 19899
126 24692
127 28421
128 31462
129 36472
130 40581
131 44596
132 49820
133 53050
134 57597
135 63285
136 339
137 7407
138 11721
139 15518
140 19053
141 22862
142 26787
143 30458
144 34402
145 37443
146 40909
147 45029
148 48272
149 54619
150 59971
151 63625
152 3328
153 7987
154 15929
155 19161
156 23559
157 29875
158 35098
159 40297
160 44833
161 50503
162 55151
163 59362
164 64829
165 2959
166 8774
167 13234
168 19027
169 23883
170 28554
171 32517
172 36763
173 39772
174 45235
175 49031
176 52106
177 56667
178 62979
179 390
180 5602
181 10831
182 14244
183 18531
184 22317
185 27748
186 32025
187 36531
188 40058
189 45788
190 50351
191 56438
192 61039
193 65337
194 5759
195 11223
196 17358
197 21726
198 26772
199 30622
200 35817
201 39745
202 44203
203 49676
204 52888
205 57263
206 60910
207 65342
208 3133
209 8984
210 12613
211 16804
212 20892
213 24631
214 28884
215 34280
216 38091
217 42201
218 49124
219 53868
220 57754
221 61252
222 2993
223 8269
224 14445
225 20227
226 25874
227 30198
228 34467
229 39380
230 46229
231 52638
232 56621
233 60537
234 468
235 4707
236 8684
237 13844
238 17309
239 22232
240 25830
241 30961
242 34982
243 38466
244 43815
245 48110
246 53386
247 57200
248 61500
249 814
250 8118
251 12971
252 18280
253 24632
254 28136
255 32840
256 36466
257 43912
258 48101
259 51780
260 56321
261 59518
262 63770
263 2772
264 8164
265 13476
266 16394
267 20675
268 24322
269 29255
270 34981
271 39478
272 45048
273 49829
274 54557
275 59024
276 64145
277 3694
278 9032
279 14850
280 18957
281 23932
282 28480
283 33550
284 39755
285 43293
286 47725
287 50613
288 56017
289 59990
290 255
291 4181
292 8854
293 12334
294 18394
295 22314
296 27247
297 31036
298 34352
299 39071
300 45610
301 51062
302 55026
303 59142
304 63280
305 1501
306 5893
307 10964
308 14723
309 21607
310 25773
311 29903
312 34457
313 37883
314 43445
315 49399
316 52337
317 56744
318 60714
319 64603
320 3831
321 11228
322 15485
323 20676
324 27683
325 31875
326 36763
327 41614
328 47122
329 51590
330 56135
331 60135
332 65104
333 4162
334 7330
335 11806
336 16547
337 19793
338 24997
339 29023
340 34837
341 39402
342 44775
343 49221
344 54406
345 58127
346 62193
347 1301
348 8215
349 11661
350 17367
351 22903
352 27587
353 36284
354 40218
355 45128
356 49392
357 52675
358 59301
359 65012
360 2494
361 7293
362 11811
363 17675
364 19871
365 24796
366 28721
367 33872
368 40687
369 45978
370 50973
371 55333
372 60345
373 63716
374 2320
375 8223
376 13690
377 16847
378 21751
379 25404
380 31156
381 35841
382 39727
383 42845
384 46408
385 49654
386 55838
387 62125
388 1480
389 5139
390 11237
391 15158
392 22244
393 26676
394 30154
395 33774
396 39670
397 44248
398 48838
399 53084
400 57672
401 63172
402 3143
403 7368
404 12096
405 15299
406 19946
407 24733
408 28872
409 32955
410 37330
411 41993
412 46382
413 50586
414 55844
415 60542
416 63597
417 4096
418 7740
419 12982
420 16707
421 19606
422 23385
423 27632
424 32402
425 37553
426 43395
427 48478
428 53645
429 56594
430 61407
431 65240
432 3214
433 7520
434 11725
435 15180
436 18459
437 21570
438 26683
439 30933
440 34207
441 38080
442 46982
443 53359
444 57835
445 63358
446 1900
447 7014
448 9686
449 14669
450 20481
451 26314
452 32985
453 36510
454 40141
455 45299
456 50849
457 54740
458 57149
459 62114
460 1356
461 6885
462 10823
463 14207
464 18389
465 23692
466 27036
467 31891
468 37443
469 42884
470 47920
471 52982
472 57982
473 62319
474 885
475 4456
476 8707
477 13727
478 17966
479 22307
480 26669
481 29445
482 33205
483 37516
484 42763
485 46774
486 51927
487 57069
488 63597
489 2893
490 8028
491 11154
492 17344
493 21430
494 25215
495 30172
496 33721
497 37575
498 41761
499 45541
500 49890
501 53987
502 57739
503 61682
504 1628
505 5806
506 12616
507 17333
508 22032
509 26417
510 31213
511 36472
512 42318
513 46467
514 51228
515 58144
516 62117
517 65312
518 3926
519 8407
520 13443
521 16730
522 22347
523 26012
524 32270
525 35724
526 41628
527 48180
528 52774
529 56799
530 62099
531 921
532 4458
533 9430
534 14242
535 19259
536 25042
537 29792
538 35334
539 40039
540 45304
541 51562
542 56059
543 59766
544 64159
545 4139
546 8724
547 12749
548 17243
549 21445
550 26118
551 31261
552 36574
553 40784
554 45251
555 49464
556 55142
557 60526
558 64573
559 3007
560 10232
561 16771
562 21196
563 24716
564 29083
565 34600
566 39686
567 44891
568 48439
569 53492
570 57318
571 61713
572 1427
573 5543
574 10287
575 15992
576 20603
577 24771
578 31651
579 35876
580 40811
581 46641
582 52574
583 57678
584 61951
585 1661
586 6169
587 10200
588 13736
589 18290
590 22591
591 28686
592 32297
593 36895
594 42685
595 47802
596 52987
597 57194
598 62387
599 1806
600 5868
601 10205
602 14463
603 20032
604 24597
605 29444
606 34718
607 39321
608 42955
609 47908
610 53596
611 59259
612 1235
613 5298
614 8828
615 14008
616 16982
617 22038
618 27807
619 32302
620 36416
621 42124
622 46856
623 50507
624 55548
625 58636
626 65100
627 2728
628 7434
629 13116
630 17312
631 23359
632 28105
633 31529
634 37777
635 44801
636 49114
637 53621
638 56979
639 62998
640 1902
641 8825
642 13204
643 18871
644 23263
645 27187
646 32339
647 37715
648 41215
649 46336
650 49949
651 53588
652 58591
653 63067
654 1082
655 5225
656 11841
657 14592
658 20959
659 27148
660 31416
661 37460
662 42144
663 45828
664 50176
665 54276
666 58935
667 64182
668 4851
669 9454
670 12620
671 16334
672 22138
673 27434
674 30605
675 34942
676 39230
677 43927
678 47587
679 52906
680 59356
681 64045
682 1928
683 6178
684 9574
685 16002
686 20377
687 24392
688 29232
689 34630
690 39643
691 44301
692 47614
693 54607
694 59300
695 63266
696 1481
697 5670
698 10532
699 13928
700 20688
701 25732
702 30148
703 35724
704 38101
705 42040
706 49133
707 53311
708 58003
709 61657
710 919
711 5356
712 8867
713 13342
714 19355
715 24732
716 29561
717 35437
718 41702
719 45453
720 49561
721 54441
722 59823
723 62272
724 1823
725 5927
726 10165
727 15399
728 18130
729 22729
730 26596
731 29741
732 35356
733 40730
734 43873
735 49306
736 56152
737 59825
738 63768
739 4037
740 8280
741 12446
742 16045
743 23915
744 29557
745 33736
746 38190
747 44625
748 49747
749 53756
750 58110
751 62011
752 1564
753 6628
754 10784
755 13627
756 19529
757 24137
758 29044
759 34284
760 39769
761 44019
762 49668
763 52197
764 56107
765 59538
766 63178
767 3164
768 8295
769 13488
770 18587
771 22356
772 28373
773 33827
774 38000
775 40910
776 45134
777 50548
778 54617
779 60356
780 749
781 5387
782 10282
783 15155
784 21741
785 26358
786 30715
787 35997
788 40778
789 48206
790 53181
791 58002
792 62027
793 1532
794 6314
795 10828
796 14750
797 19510
798 23565
799 25881
800 30525
801 34691
802 38548
803 42883
804 48978
805 52799
806 59538
807 64495
808 4418
809 9814
810 13880
811 17580
812 21714
813 29057
814 32410
815 36652
816 42328
817 46630
818 50296
819 54619
820 58297
821 62016
822 2079
823 7438
824 12197
825 16959
826 21051
827 25842
828 30634
829 35342
830 41139
831 44662
832 49173
833 55146
834 57913
835 64123
836 2117
837 9195
838 12882
839 16423
840 20546
841 23981
842 29936
843 32869
844 36524
845 42154
846 49159
847 52285
848 58029
849 62330
850 863
851 6512
852 10877
853 15424
854 22546
855 26656
856 30411
857 36111
858 40204
859 43685
860 47631
861 51169
862 58159
863 62922
864 1712
865 6296
866 11192
867 15797
868 21484
869 27143
870 30787
871 34728
872 38091
873 42187
874 47840
875 52429
876 56031
877 61467
878 65389
879 3540
880 8791
881 12143
882 18608
883 23204
884 26286
885 31332
886 35199
887 40233
888 44699
889 50057
890 53210
891 58223
892 62076
893 438
894 4559
895 8584
896 11944
897 16487
898 21045
899 25937
900 30840
901 36220
902 39365
903 44959
904 49880
905 53608
906 57411
907 61108
908 504
909 5310
910 8189
911 13884
912 17388
913 21652
914 25503
915 28681
916 32685
917 38568
918 43614
919 47517
920 52464
921 56056
922 60452
923 1761
924 5595
925 10791
926 16253
927 21002
928 24800
929 30002
930 34803
931 39900
932 43474
933 48954
934 53297
935 59248
936 62288
937 2598
938 7670
939 13200
940 17550
941 20217
942 25065
943 29026
944 32759
945 37316
946 40997
947 46356
948 50892
949 55944
950 61189
951 62
952 3517
953 7639
954 13344
955 18920
956 21421
957 26900
958 31915
959 35740
960 39855
961 44058
962 48795
963 53654
964 58214
965 62680
966 1321
967 4785
968 10841
969 16692
970 21549
971 26154
972 31598
973 34786
974 39126
975 42283
976 47758
977 53156
978 57183
979 61266
980 1396
981 6741
982 10423
983 14415
984 18820
985 24579
986 27702
987 33599
988 38606
989 42505
990 46213
991 50614
992 55050
993 58683
994 63701
995 2079
996 7672
997 10864
998 15050
999 18365
1000 22320
1001 27167
1002 34427
1003 41503
1004 45447
1005 52547
1006 57312
1007 60756
1008 103
1009 6666
1010 9166
1011 14141
1012 20107
1013 25458
1014 29043
1015 32739
1016 36700
1017 41036
1018 45435
1019 49964
1020 56153
1021 61488
1022 64587
1023 3344
1024 8250
1025 11696
1026 15298
1027 20490
1028 30248
1029 35728
1030 40792
1031 44597
1032 48471
1033 52534
1034 58363
1035 64841
1036 2525
1037 6284
1038 11375
1039 15291
1040 19169
1041 23486
1042 28811
1043 33143
1044 37370
1045 43352
1046 47597
1047 51328
1048 55969
1049 61119
1050 107
1051 4027
1052 9339
1053 12301
1054 20027
1055 24999
1056 28201
1057 32720
1058 40286
1059 46032
1060 50494
1061 55538
1062 59811
1063 64857
1064 4815
1065 9909
1066 14246
1067 17766
1068 21299
1069 26213
1070 30158
1071 36254
1072 40916
1073 45354
1074 48532
1075 50461
1076 53457
1077 60012
1078 63797
1079 2839
1080 8673
1081 12323
1082 16241
1083 20222
1084 24918
1085 28275
1086 32224
1087 35774
1088 40750
1089 44941
1090 49201
1091 55402
1092 59845
1093 64184
1094 4380
1095 7439
1096 11085
1097 16486
1098 20250
1099 25627
1100 30978
1101 34368
1102 38906
1103 42883
1104 47234
1105 50924
1106 56031
1107 61149
1108 455
1109 7073
1110 10878
1111 15415
1112 20596
1113 24109
1114 29164
1115 32454
1116 36650
1117 40996
1118 44906
1119 49420
1120 56495
1121 59741
1122 64188
1123 2417
1124 6678
1125 14334
1126 20199
1127 24288
1128 28774
1129 31700
1130 36823
1131 41399
1132 45111
1133 52015
1134 56837
1135 60987
1136 64699
1137 5149
1138 9005
1139 13672
1140 18769
1141 23866
1142 29798
1143 34244
1144 38264
1145 42909
1146 49950
1147 53308
1148 57952
1149 62018
1150 1150
1151 6400
1152 11170
1153 16410
1154 21286
1155 25443
1156 30196
1157 34211
1158 38285
1159 42206
1160 45701
1161 51567
1162 55843
1163 59393
1164 63596
1165 2621
1166 6197
1167 10706
1168 14304
1169 18460
1170 22961
1171 27238
1172 32296
1173 38258
1174 41192
1175 45928
1176 51916
1177 55530
1178 59629
1179 65175
1180 5791
1181 10817
1182 14123
1183 19090
1184 23832
1185 30262
1186 34611
1187 40071
1188 45022
1189 49996
1190 56412
1191 62627
1192 1930
1193 5855
1194 12368
1195 17096
1196 21575
1197 25846
1198 31005
1199 36911
1200 42418
1201 45858
1202 51075
1203 56082
1204 61497
1205 378
1206 4046
1207 7881
1208 11768
1209 16557
1210 20812
1211 25111
1212 29552
1213 34372
1214 38875
1215 42246
1216 47535
1217 51961
1218 55922
1219 58875
1220 64451
1221 2909
1222 6427
1223 11546
1224 15455
1225 19553
1226 24250
1227 28094
1228 31987
1229 37235
1230 40123
1231 44673
1232 48803
1233 51912
1234 57443
1235 60162
1236 65346
1237 4079
1238 9193
1239 14007
1240 17934
1241 23391
1242 28737
1243 32190
1244 38761
1245 42854
1246 47270
1247 51583
1248 55815
1249 61293
1250 479
1251 4402
1252 7852
1253 12278
1254 16382
1255 20965
1256 26223
1257 30927
1258 36253
1259 42778
1260 46683
1261 50795
1262 56847
1263 60779
1264 65396
1265 6541
1266 11946
1267 15797
1268 19583
1269 25168
1270 30181
1271 34973
1272 39068
1273 44095
1274 48148
1275 51652
1276 56359
1277 60165
1278 65122
1279 4642
1280 9621
1281 13796
1282 20197
1283 23463
1284 29207
1285 33645
1286 37195
1287 40629
1288 45038
1289 51217
1290 56662
1291 60394
1292 134
1293 4564
1294 8823
1295 12773
1296 18962
1297 23178
1298 29312
1299 35498
1300 40090
1301 45137
1302 50399
1303 53999
1304 59589
1305 62553
1306 2031
1307 7620
1308 12040
1309 17138
1310 22288
1311 25037
1312 28717
1313 32360
1314 37316
1315 43408
1316 47977
1317 51763
1318 56717
1319 60856
1320 1479
1321 4486
1322 7485
1323 13986
1324 18861
1325 23165
1326 27057
1327 31883
1328 36606
1329 43479
1330 47718
1331 53312
1332 58548
1333 64124
1334 1723
1335 7786
1336 12826
1337 16040
1338 21539
1339 26271
1340 30420
1341 34368
1342 38665
1343 43515
1344 47469
1345 52321
1346 57829
1347 63770
1348 2067
1349 6695
1350 10340
1351 16454
1352 20709
1353 26075
1354 31339
1355 35355
1356 40337
1357 44894
1358 49547
1359 54397
1360 58834
1361 64260
1362 2026
1363 5764
1364 9376
1365 15325
1366 20115
1367 25061
1368 27865
1369 33866
1370 38401
1371 42656
1372 45945
1373 50060
1374 55197
1375 58984
1376 62842
1377 3074
1378 8040
1379 12282
1380 16400
1381 21066
1382 25253
1383 28823
1384 33239
1385 38882
1386 44315
1387 50049
1388 53219
1389 59243
1390 64161
1391 878
1392 6075
1393 9981
1394 14169
1395 19738
1396 23064
1397 26505
1398 30613
1399 35583
1400 41178
1401 45817
1402 48706
1403 54406
1404 58810
1405 62522
1406 1394
1407 6837
1408 10434
1409 14398
1410 18066
1411 22695
1412 28920
1413 32932
1414 35646
1415 40030
1416 44802
1417 50837
1418 54855
1419 62880
1420 925
1421 4890
1422 8962
1423 13379
1424 18783
1425 24472
1426 28944
1427 34232
1428 37626
1429 41571
1430 47274
1431 51831
1432 56055
1433 59691
1434 63245
1435 3445
1436 9333
1437 15910
1438 20160
1439 24558
1440 31310
1441 38256
1442 44696
1443 47904
1444 53320
1445 57299
1446 63573
1447 2172
1448 6196
1449 10844
1450 15422
1451 19503
1452 23825
1453 27847
1454 31986
1455 36795
1456 42901
1457 47733
1458 53012
1459 58210
1460 63182
1461 1694
1462 5481
1463 10335
1464 14801
1465 19645
1466 24342
1467 30421
1468 34427
1469 38708
1470 43174
1471 46902
1472 51796
1473 56619
1474 62302
1475 2237
1476 8118
1477 12256
1478 15395
1479 20563
1480 25371
1481 30851
1482 34762
1483 39009
1484 43230
1485 46511
1486 49782
1487 53012
1488 57047
1489 60270
1490 873
1491 4198
1492 10065
1493 15123
1494 20227
1495 25932
1496 29914
1497 35449
1498 39134
1499 47566
1500 51719
1501 56018
1502 60833
1503 64608
1504 3494
1505 10275
1506 15441
1507 23195
1508 26970
1509 31719
1510 35153
1511 40640
1512 44388
1513 49536
1514 55914
1515 60077
1516 1354
1517 5742
1518 10251
1519 13756
1520 18713
1521 23427
1522 27919
1523 32356
1524 36623
1525 40229
1526 43316
1527 46703
1528 50329
1529 56782
1530 60674
1531 3325
1532 6723
1533 13063
1534 16900
1535 21378
1536 25485
1537 29481
1538 34385
1539 38981
1540 44344
1541 49564
1542 52964
1543 56326
1544 60551
1545 64552
1546 4837
1547 10181
1548 13636
1549 16998
1550 21748
1551 26263
1552 29656
1553 33790
1554 39256
1555 44206
1556 49757
1557 56406
1558 62599
1559 1208
1560 6623
1561 11585
1562 17361
1563 21292
1564 24744
1565 29778
1566 36359
1567 40338
1568 44713
1569 47252
1570 53741
1571 58742
1572 62277
1573 22
1574 6443
1575 11397
1576 15340
1577 19161
1578 23060
1579 27185
1580 32506
1581 37584
1582 40547
1583 44777
1584 49965
1585 54910
1586 58920
1587 503
1588 5969
1589 10187
1590 14244
1591 19447
1592 23366
1593 29408
1594 34379
1595 38810
1596 42353
1597 48607
1598 52783
1599 59077
1600 63884
1601 1361
1602 6879
1603 11990
1604 16567
1605 21786
1606 25423
1607 30051
1608 33199
1609 37708
1610 41323
1611 46236
1612 51636
1613 55853
1614 61990
1615 487
1616 6223
1617 12112
1618 16435
1619 24040
1620 28616
1621 32449
1622 37618
1623 42025
1624 45594
1625 49678
1626 54477
1627 59066
1628 62857
1629 1053
1630 5383
1631 12150
1632 17635
1633 23491
1634 26389
1635 32475
1636 38094
1637 43764
1638 48864
1639 53095
1640 57712
1641 62157
1642 1674
1643 5713
1644 11213
1645 14806
1646 18974
1647 23631
1648 26738
1649 33870
1650 39353
1651 45390
1652 49351
1653 54398
1654 59200
1655 63353
1656 2795
1657 7159
1658 11342
1659 15003
1660 20421
1661 24139
1662 28442
1663 31061
1664 36519
1665 41181
1666 46288
1667 49491
1668 53948
1669 58451
1670 62087
1671 1879
1672 6736
1673 12297
1674 17911
1675 23706
1676 28498
1677 32930
1678 36522
1679 40868
1680 45697
1681 51723
1682 55513
1683 59107
1684 444
1685 4151
1686 9015
1687 13891
1688 18544
1689 22284
1690 26787
1691 29971
1692 33848
1693 40505
1694 44573
1695 48317
1696 52417
1697 60984
1698 69
1699 4904
1700 10279
1701 14012
1702 18841
1703 24259
1704 29561
1705 34470
1706 39719
1707 43932
1708 49920
1709 58256
1710 63117
1711 2062
1712 6834
1713 11751
1714 18618
1715 21508
1716 28555
1717 32272
1718 35520
1719 41109
1720 44673
1721 47867
1722 53399
1723 56941
1724 60455
1725 64786
1726 3683
1727 9703
1728 13986
1729 20406
1730 25734
1731 30962
1732 37111
1733 42471
1734 46925
1735 52006
1736 58557
1737 64679
1738 1900
1739 6240
1740 10880
1741 16529
1742 19362
1743 25699
1744 29524
1745 34226
1746 39172
1747 44628
1748 50728
1749 55671
1750 60453
1751 64941
1752 3937
1753 7346
1754 13042
1755 18409
1756 22657
1757 27235
1758 31721
1759 36851
1760 40891
1761 46952
1762 53070
1763 56989
1764 60599
1765 899
1766 7268
1767 12490
1768 18445
1769 22306
1770 25905
1771 32453
1772 35854
1773 41579
1774 44499
1775 48798
1776 53116
1777 57847
1778 60770
1779 64951
1780 1585
1781 6161
1782 10242
1783 14401
1784 18264
1785 21711
1786 25212
1787 31109
1788 37070
1789 42618
1790 46346
1791 51106
1792 56881
1793 60603
1794 64713
1795 6013
1796 9875
1797 13824
1798 19513
1799 23704
1800 27473
1801 32761
1802 39844
1803 44062
1804 48381
1805 54042
1806 58244
1807 62975
1808 1202
1809 5096
1810 10172
1811 14868
1812 19151
1813 22997
1814 26768
1815 34361
1816 38463
1817 41833
1818 45990
1819 50134
1820 53971
1821 61305
1822 1868
1823 6388
1824 12131
1825 14405
1826 20529
1827 24755
1828 28814
1829 32959
1830 37467
1831 40736
1832 45935
1833 50197
1834 55498
1835 60705
1836 63892
1837 5187
1838 10138
1839 15326
1840 19592
1841 23626
1842 27288
1843 32467
1844 38387
1845 43589
1846 48104
1847 52565
1848 57510
1849 61679
1850 182
1851 5115
1852 10734
1853 15511
1854 19569
1855 22273
1856 28999
1857 32528
1858 38157
1859 41853
1860 46164
1861 50010
1862 55511
1863 59350
1864 64539
1865 3905
1866 10213
1867 16279
1868 21247
1869 26754
1870 31364
1871 34733
1872 40041
1873 45540
1874 49808
1875 55146
1876 58855
1877 65321
1878 4358
1879 8378
1880 15954
1881 20318
1882 23905
1883 27416
1884 32308
1885 35640
1886 41025
1887 46085
1888 50316
1889 53885
1890 59917
1891 65035
1892 3540
1893 7241
1894 13218
1895 17806
1896 21837
1897 28147
1898 31484
1899 36772
1900 40500
1901 45340
1902 49120
1903 52660
1904 59873
1905 757
1906 5467
1907 9314
1908 14663
1909 19042
1910 24311
1911 27832
1912 32432
1913 37046
1914 40838
1915 45622
1916 50087
1917 53308
1918 58397
1919 62182
1920 1046
1921 5183
1922 9739
1923 14100
1924 17869
1925 23105
1926 27623
1927 31549
1928 35027
1929 38785
1930 43518
1931 47809
1932 52430
1933 57957
1934 61585
1935 65051
1936 3881
1937 9659
1938 15487
1939 20382
1940 23827
1941 29903
1942 36448
1943 41740
1944 46777
1945 51101
1946 55257
1947 59106
1948 62588
1949 1149
1950 6389
1951 12095
1952 16478
1953 19876
1954 23833
1955 27670
1956 33871
1957 38177
1958 41735
1959 45095
1960 49328
1961 51801
1962 59417
1963 63242
1964 3620
1965 8925
1966 12378
1967 19250
1968 26751
1969 30150
1970 33069
1971 40031
1972 43427
1973 49408
1974 53317
1975 56992
1976 61126
1977 64996
1978 2547
1979 6140
1980 15932
1981 19812
1982 24124
1983 27610
1984 30368
1985 35069
1986 40828
1987 45057
1988 49919
1989 53900
1990 59463
1991 62780
1992 3141
1993 7243
1994 10662
1995 15319
1996 19950
1997 25174
1998 28492
1999 34531
2000 38439
2001 42447
2002 47498
2003 51873
2004 55951
2005 60838
2006 64277
2007 2081
2008 7052
2009 11526
2010 16294
2011 20277
2012 24296
2013 28759
2014 32973
2015 36687
2016 39682
2017 44171
2018 49289
2019 53749
2020 60960
2021 65464
2022 5017
2023 8477
2024 11555
2025 15423
2026 18810
2027 24970
2028 32207
2029 35938
2030 40128
2031 45276
2032 48738
2033 52878
2034 58657
2035 63224
2036 702
2037 6205
2038 11276
2039 15752
2040 20586
2041 23432
2042 31305
2043 35254
2044 39234
2045 43319
2046 51074
2047 54765
2048 59811
2049 63957
2050 1865
2051 8258
2052 12215
2053 17146
2054 20252
2055 26623
2056 30955
2057 34829
2058 39026
2059 43504
2060 47719
2061 51654
2062 57689
2063 61947
2064 975
2065 6966
2066 10832
2067 13182
2068 19801
2069 23066
2070 28431
2071 32335
2072 37532
2073 41332
2074 45005
2075 49450
2076 53331
2077 57832
2078 61476
2079 772
2080 5198
2081 8839
2082 12466
2083 16122
2084 18822
2085 22070
2086 27913
2087 33363
2088 37287
2089 40926
2090 46401
2091 50406
2092 57299
2093 61295
2094 2119
2095 6051
2096 10753
2097 15963
2098 21366
2099 24786
2100 29228
2101 34826
2102 39320
2103 44065
2104 48674
2105 53097
2106 57428
2107 61436
2108 461
2109 5512
2110 12271
2111 16586
2112 20377
2113 23988
2114 29328
2115 33717
2116 38373
2117 45341
2118 49249
2119 55419
2120 60654
2121 64255
2122 4423
2123 8785
2124 11952
2125 17269
2126 20351
2127 25233
2128 28912
2129 31819
2130 36760
2131 40173
2132 46745
2133 52999
2134 57919
2135 63341
2136 2564
2137 7230
2138 10679
2139 16189
2140 21711
2141 25990
2142 30585
2143 34795
2144 41005
2145 44352
2146 49120
2147 55229
2148 59452
2149 64732
2150 4434
2151 8863
2152 13700
2153 17735
2154 21436
2155 25539
2156 32370
2157 36789
2158 36789
2159 36789
