1 0
2 0
3 1013
4 5305
5 11289
6 16392
7 19820
8 24085
9 28029
10 31859
11 36418
12 41074
13 44447
14 49208
15 53831
16 57112
17 61854
18 65170
19 3975
20 8256
21 13157
22 16449
23 21678
24 26079
25 31525
26 35674
27 38900
28 41766
29 44907
30 48334
31 51751
32 56482
33 59698
34 61843
35 330
36 4914
37 8291
38 11364
39 17085
40 21258
41 25432
42 30666
43 36488
44 42325
45 45880
46 49380
47 51456
48 54669
49 56682
50 62030
51 306
52 4330
53 9816
54 14001
55 19127
56 23718
57 29181
58 34002
59 37508
60 41655
61 46457
62 50825
63 56878
64 61444
65 65333
66 4741
67 10348
68 15244
69 18882
70 23687
71 29543
72 35062
73 41503
74 44596
75 48468
76 54162
77 58608
78 64837
79 5960
80 10182
81 16266
82 21264
83 25991
84 29825
85 33232
86 37728
87 43542
88 48120
89 53135
90 57446
91 61122
92 1435
93 5442
94 9687
95 15325
96 19103
97 24878
98 30502
99 34209
100 38257
101 41601
102 48100
103 52122
104 57313
105 62690
106 1097
107 6203
108 9471
109 13692
110 17882
111 22929
112 26670
113 31299
114 34253
115 39608
116 43866
117 47822
118 52081
119 55975
120 60916
121 65411
122 7282
123 11584
124 15922
125 19866
126 24804
127 28407
128 31533
129 36473
130 40671
131 44576
132 49884
133 53110
134 57601
135 63313
136 630
137 7184
138 11957
139 15557
140 18870
141 22898
142 26668
143 30708
144 34414
145 37499
146 40898
147 44988
148 48228
149 54466
150 59817
151 64109
152 3476
153 8493
154 15610
155 19324
156 23570
157 29891
158 35158
159 40162
160 44824
161 50507
162 54745
163 59382
164 64784
165 2937
166 8725
167 13290
168 18513
169 23672
170 28704
171 32369
172 36704
173 39871
174 45120
175 49122
176 52166
177 56110
178 62401
179 424
180 5731
181 10839
182 14240
183 18116
184 22116
185 27730
186 32084
187 36176
188 40116
189 45820
190 50510
191 56138
192 60851
193 384
194 5770
195 12010
196 17455
197 21625
198 26277
199 30704
200 35710
201 39781
202 44265
203 49394
204 52948
205 57233
206 61381
207 65194
208 3190
209 8604
210 12870
211 16959
212 20688
213 24691
214 29367
215 34307
216 38564
217 43636
218 48703
219 53956
220 58070
221 62477
222 2798
223 8078
224 14140
225 20222
226 25818
227 30296
228 34354
229 39851
230 46265
231 52640
232 56606
233 60917
234 397
235 4901
236 8634
237 13651
238 17685
239 22289
240 25809
241 31098
242 34508
243 37929
244 43880
245 48240
246 53000
247 56786
248 60620
249 823
250 6965
251 12441
252 18157
253 23587
254 27747
255 32487
256 36660
257 43421
258 47587
259 51574
260 55773
261 59234
262 63398
263 2749
264 7471
265 12608
266 16236
267 20170
268 24150
269 28872
270 34990
271 39310
272 44547
273 49174
274 54327
275 58392
276 63038
277 3457
278 8472
279 13772
280 18909
281 23618
282 28125
283 32699
284 38420
285 42797
286 47139
287 50924
288 55609
289 59154
290 64953
291 3700
292 8812
293 12466
294 17754
295 22240
296 26620
297 30793
298 34220
299 38547
300 44339
301 50455
302 54631
303 58635
304 63075
305 1013
306 5170
307 10809
308 14605
309 20632
310 25653
311 29762
312 34260
313 37480
314 42370
315 48586
316 52302
317 56543
318 60357
319 64371
320 2757
321 9880
322 14807
323 20031
324 26877
325 31677
326 35815
327 41023
328 46830
329 51419
330 56175
331 60216
332 64782
333 3481
334 7312
335 11497
336 16329
337 19512
338 24552
339 29376
340 34787
341 38954
342 44051
343 48614
344 53767
345 57569
346 61973
347 844
348 7940
349 11376
350 16906
351 22895
352 27968
353 35386
354 40222
355 44673
356 49138
357 52686
358 58845
359 64667
360 2554
361 7263
362 11502
363 16799
364 19644
365 24426
366 28461
367 33921
368 39986
369 45882
370 50227
371 54244
372 59769
373 63271
374 2130
375 7615
376 12629
377 16455
378 21400
379 25365
380 30491
381 35504
382 39453
383 42435
384 45942
385 49728
386 55437
387 60969
388 902
389 4977
390 10456
391 14670
392 21781
393 26234
394 30186
395 34034
396 39040
397 43258
398 48172
399 52791
400 56600
401 62757
402 2600
403 6646
404 11905
405 15208
406 19555
407 24184
408 28591
409 32884
410 36693
411 41701
412 45811
413 49651
414 55259
415 60180
416 64104
417 3662
418 7518
419 12634
420 16338
421 19109
422 22988
423 27670
424 32108
425 37059
426 42727
427 48097
428 52667
429 56346
430 61232
431 65062
432 2850
433 6770
434 11072
435 14989
436 18288
437 21391
438 26264
439 30466
440 34171
441 39018
442 46988
443 52666
444 57490
445 62778
446 1183
447 5785
448 9607
449 14857
450 20544
451 26343
452 32085
453 36089
454 39782
455 44960
456 50133
457 54172
458 57234
459 61311
460 600
461 6291
462 10475
463 14114
464 18060
465 23332
466 26836
467 31714
468 37127
469 42366
470 46702
471 52513
472 57087
473 62258
474 635
475 4411
476 8429
477 12596
478 17304
479 21678
480 26557
481 29341
482 32880
483 37370
484 42250
485 46105
486 51449
487 56984
488 63407
489 2478
490 7643
491 11093
492 16120
493 20904
494 24553
495 29691
496 33057
497 37542
498 41218
499 44835
500 49179
501 53481
502 57576
503 61819
504 1191
505 5233
506 11792
507 16387
508 20797
509 26382
510 30954
511 36014
512 41286
513 46235
514 50644
515 57889
516 61782
517 65370
518 3792
519 8158
520 13118
521 16513
522 20984
523 25961
524 32138
525 35505
526 40851
527 46833
528 52094
529 55799
530 61240
531 575
532 4041
533 8434
534 13209
535 18102
536 24163
537 28381
538 34433
539 39749
540 44108
541 50774
542 55031
543 59308
544 63802
545 3590
546 8454
547 12760
548 17100
549 20940
550 25859
551 30949
552 36157
553 39941
554 44992
555 49415
556 54781
557 59692
558 64420
559 3431
560 10298
561 16547
562 21019
563 24267
564 29372
565 34554
566 39911
567 44288
568 47697
569 52677
570 57147
571 61236
572 1131
573 4925
574 9905
575 15394
576 20074
577 23819
578 31103
579 35920
580 39947
581 46388
582 52383
583 57136
584 61467
585 1330
586 5726
587 9821
588 13630
589 17747
590 22630
591 28056
592 32284
593 36724
594 42904
595 48231
596 52841
597 56853
598 61598
599 1555
600 5839
601 10259
602 15076
603 20254
604 24476
605 29448
606 34420
607 39005
608 42965
609 48142
610 53547
611 58867
612 65380
613 4837
614 8776
615 13567
616 16817
617 22043
618 27472
619 32293
620 36133
621 41335
622 46860
623 50336
624 55138
625 58843
626 64590
627 2784
628 6822
629 12857
630 17260
631 22966
632 27667
633 31822
634 38555
635 44952
636 48685
637 53041
638 56962
639 62334
640 1873
641 8548
642 13258
643 18885
644 22873
645 27191
646 31785
647 37367
648 41551
649 46035
650 49893
651 53219
652 58656
653 62554
654 536
655 5054
656 11302
657 14605
658 21030
659 26833
660 31039
661 37172
662 41995
663 45345
664 49787
665 54283
666 58686
667 64186
668 4301
669 9268
670 12446
671 16346
672 21814
673 27354
674 30525
675 34635
676 39128
677 43714
678 47596
679 52848
680 59366
681 63991
682 1623
683 6013
684 9587
685 15655
686 20190
687 24362
688 28679
689 33792
690 39673
691 44105
692 47777
693 53826
694 58769
695 63284
696 1450
697 5711
698 10196
699 14118
700 20417
701 25141
702 30073
703 35481
704 38352
705 42050
706 48839
707 53198
708 57920
709 61569
710 426
711 5232
712 8893
713 12974
714 19003
715 24240
716 29576
717 35119
718 40706
719 44696
720 49022
721 53985
722 59532
723 62549
724 1589
725 5311
726 10058
727 14866
728 17661
729 22042
730 26624
731 29918
732 35275
733 40170
734 43839
735 49299
736 55953
737 59262
738 63883
739 4055
740 7820
741 11992
742 16230
743 23986
744 28913
745 33399
746 37867
747 44130
748 49657
749 53111
750 57590
751 62132
752 1094
753 6325
754 10220
755 13445
756 18410
757 23711
758 28323
759 33945
760 39144
761 43829
762 49083
763 51871
764 55757
765 59214
766 62827
767 2120
768 7612
769 13734
770 18427
771 22012
772 28145
773 33764
774 37555
775 41007
776 45203
777 50188
778 55061
779 60407
780 148
781 4951
782 10293
783 15153
784 21477
785 25682
786 30439
787 35445
788 39945
789 48210
790 52942
791 57893
792 61727
793 960
794 6333
795 10768
796 14844
797 19394
798 23357
799 25923
800 30314
801 34600
802 38646
803 43276
804 48892
805 53064
806 59558
807 64646
808 4571
809 9783
810 13888
811 17365
812 21743
813 28498
814 32612
815 36614
816 41992
817 46939
818 50586
819 54548
820 58403
821 62362
822 2204
823 7434
824 12239
825 16847
826 20748
827 25944
828 30367
829 35381
830 40906
831 44582
832 49184
833 55153
834 58768
835 64171
836 2918
837 9144
838 12671
839 16457
840 20336
841 24115
842 29665
843 32692
844 36502
845 42195
846 49079
847 52370
848 57906
849 61769
850 467
851 6504
852 10781
853 15760
854 22029
855 26611
856 30782
857 35870
858 40127
859 43524
860 47905
861 52279
862 58334
863 62629
864 1648
865 6342
866 11199
867 15918
868 21039
869 26755
870 30879
871 34360
872 38139
873 43597
874 47875
875 51996
876 56310
877 61201
878 65001
879 3402
880 8295
881 13063
882 18150
883 23007
884 26162
885 31172
886 34899
887 40150
888 44866
889 50065
890 53572
891 58238
892 61851
893 143
894 4187
895 8594
896 11953
897 16739
898 21109
899 25835
900 30928
901 36121
902 40021
903 44949
904 49760
905 53286
906 57352
907 61171
908 233
909 5278
910 8204
911 13670
912 17504
913 21658
914 25419
915 28755
916 33208
917 38310
918 43447
919 47509
920 52494
921 56576
922 61306
923 1667
924 6073
925 10975
926 16348
927 21048
928 24958
929 29828
930 34786
931 39728
932 43455
933 49014
934 53027
935 59017
936 62818
937 2607
938 7892
939 13078
940 17439
941 20535
942 25073
943 29328
944 32775
945 37270
946 40798
947 46548
948 50916
949 55711
950 61229
951 65522
952 3673
953 7748
954 13457
955 18632
956 21941
957 26615
958 31817
959 35821
960 39828
961 43807
962 48812
963 53616
964 58313
965 62382
966 1322
967 4856
968 11017
969 16355
970 21726
971 26384
972 31530
973 34738
974 38708
975 42291
976 47091
977 52743
978 57314
979 61895
980 1159
981 6532
982 10873
983 14620
984 19014
985 24576
986 27871
987 33496
988 38256
989 42581
990 46265
991 50407
992 54805
993 58840
994 63516
995 2358
996 7663
997 10516
998 15038
999 18443
1000 22337
1001 26997
1002 34399
1003 41440
1004 45518
1005 52537
1006 57179
1007 60980
1008 71
1009 6426
1010 8962
1011 14199
1012 19978
1013 24883
1014 28849
1015 32465
1016 36696
1017 40824
1018 45137
1019 50500
1020 56207
1021 60837
1022 64647
1023 3279
1024 7675
1025 11619
1026 14775
1027 20715
1028 29617
1029 35569
1030 40458
1031 44133
1032 48158
1033 52203
1034 58373
1035 64072
1036 2592
1037 6333
1038 11142
1039 14898
1040 19161
1041 23307
1042 27902
1043 33209
1044 37612
1045 42817
1046 47433
1047 51237
1048 55574
1049 61067
1050 108
1051 4374
1052 9086
1053 12449
1054 19541
1055 24446
1056 28094
1057 32956
1058 40389
1059 45898
1060 50337
1061 54253
1062 59735
1063 64410
1064 4295
1065 9578
1066 13814
1067 17474
1068 21058
1069 25548
1070 29145
1071 35781
1072 40506
1073 44820
1074 48171
1075 50095
1076 53936
1077 59524
1078 63353
1079 2343
1080 8148
1081 12344
1082 15906
1083 19921
1084 24509
1085 28200
1086 32036
1087 35499
1088 40488
1089 44831
1090 48654
1091 55408
1092 59526
1093 64296
1094 4052
1095 7275
1096 10928
1097 16192
1098 19967
1099 25115
1100 30248
1101 33987
1102 38398
1103 42737
1104 47137
1105 50411
1106 56258
1107 61156
1108 131
1109 6543
1110 10464
1111 14940
1112 19853
1113 24026
1114 28836
1115 32457
1116 36508
1117 40607
1118 44377
1119 49871
1120 56099
1121 59513
1122 64143
1123 2106
1124 6555
1125 13678
1126 19912
1127 23646
1128 27937
1129 31377
1130 36299
1131 40718
1132 44290
1133 51737
1134 55887
1135 60662
1136 64399
1137 4234
1138 8711
1139 13096
1140 18886
1141 23013
1142 29557
1143 33362
1144 38348
1145 43288
1146 49565
1147 53122
1148 57254
1149 61791
1150 407
1151 5731
1152 10791
1153 16424
1154 21015
1155 24931
1156 29668
1157 33548
1158 37525
1159 41835
1160 45754
1161 51276
1162 55439
1163 59200
1164 63632
1165 1585
1166 5862
1167 10067
1168 13923
1169 17361
1170 21784
1171 26312
1172 32402
1173 37686
1174 40536
1175 45940
1176 51687
1177 54827
1178 58920
1179 64979
1180 5239
1181 9665
1182 13894
1183 18843
1184 23676
1185 29351
1186 33745
1187 39243
1188 44453
1189 49253
1190 56175
1191 61823
1192 381
1193 4910
1194 11423
1195 16668
1196 20542
1197 25222
1198 29925
1199 36777
1200 41711
1201 45609
1202 50927
1203 55604
1204 60707
1205 64514
1206 3132
1207 6866
1208 11495
1209 16276
1210 20143
1211 24898
1212 29027
1213 32997
1214 38028
1215 41247
1216 46295
1217 51642
1218 55205
1219 58507
1220 63243
1221 2487
1222 6098
1223 10549
1224 14303
1225 18971
1226 23435
1227 27179
1228 31420
1229 36237
1230 39818
1231 44493
1232 48302
1233 51726
1234 56126
1235 59777
1236 64261
1237 3370
1238 7472
1239 12928
1240 17524
1241 22920
1242 27899
1243 31339
1244 37703
1245 41808
1246 46735
1247 51101
1248 55455
1249 60423
1250 65087
1251 3774
1252 7340
1253 10976
1254 15419
1255 19804
1256 25138
1257 29778
1258 35299
1259 41604
1260 45302
1261 50589
1262 55033
1263 60042
1264 63579
1265 5375
1266 11081
1267 14986
1268 18278
1269 23907
1270 29439
1271 32877
1272 38240
1273 41961
1274 47502
1275 51196
1276 55725
1277 58984
1278 63947
1279 3531
1280 8476
1281 12996
1282 18995
1283 22924
1284 27305
1285 32112
1286 36179
1287 39953
1288 44903
1289 50457
1290 56040
1291 60066
1292 64181
1293 3660
1294 7589
1295 11620
1296 17536
1297 22240
1298 28013
1299 34257
1300 39250
1301 44724
1302 49209
1303 53053
1304 58172
1305 62032
1306 1427
1307 6118
1308 11112
1309 15807
1310 20626
1311 24366
1312 28123
1313 31914
1314 36386
1315 41943
1316 47240
1317 50545
1318 55948
1319 60024
1320 65
1321 3939
1322 7562
1323 13658
1324 18265
1325 21856
1326 26748
1327 31731
1328 34812
1329 41060
1330 47147
1331 51680
1332 57611
1333 62832
1334 1580
1335 5827
1336 11691
1337 15696
1338 20392
1339 25700
1340 29904
1341 33643
1342 38071
1343 43049
1344 46996
1345 51601
1346 57397
1347 62952
1348 944
1349 5430
1350 9565
1351 15664
1352 20688
1353 25642
1354 30138
1355 35124
1356 40126
1357 43990
1358 48819
1359 53259
1360 58115
1361 63030
1362 1664
1363 4389
1364 7966
1365 14102
1366 18219
1367 23779
1368 27310
1369 32113
1370 36731
1371 41873
1372 45257
1373 49792
1374 54428
1375 58897
1376 62293
1377 1687
1378 6817
1379 12070
1380 15841
1381 19509
1382 24748
1383 28387
1384 32662
1385 37599
1386 43599
1387 48971
1388 52023
1389 58354
1390 63147
1391 670
1392 5556
1393 9510
1394 14071
1395 18820
1396 21971
1397 25483
1398 30165
1399 35332
1400 40805
1401 45371
1402 48123
1403 53756
1404 58312
1405 61575
1406 896
1407 5728
1408 9613
1409 13461
1410 17411
1411 21604
1412 28316
1413 32062
1414 34673
1415 39020
1416 44288
1417 49155
1418 54887
1419 62230
1420 480
1421 4473
1422 8136
1423 12900
1424 18616
1425 23864
1426 28655
1427 33329
1428 37390
1429 41367
1430 47208
1431 50801
1432 55654
1433 59157
1434 62678
1435 1600
1436 7981
1437 13278
1438 18665
1439 23383
1440 30117
1441 37186
1442 43310
1443 47063
1444 52488
1445 55873
1446 61720
1447 1274
1448 5659
1449 9859
1450 14676
1451 18484
1452 22493
1453 27206
1454 31615
1455 36409
1456 41087
1457 46417
1458 51516
1459 57237
1460 61917
1461 633
1462 4506
1463 9199
1464 13551
1465 18971
1466 23173
1467 28782
1468 32530
1469 37643
1470 42397
1471 46196
1472 51030
1473 55518
1474 61186
1475 522
1476 6788
1477 11352
1478 14728
1479 19282
1480 24060
1481 30030
1482 33992
1483 37900
1484 42444
1485 45834
1486 48701
1487 52542
1488 56232
1489 59943
1490 65178
1491 3929
1492 8470
1493 13561
1494 18933
1495 24376
1496 28950
1497 34175
1498 38582
1499 45713
1500 51024
1501 55388
1502 60177
1503 63846
1504 2121
1505 7688
1506 14775
1507 22230
1508 26146
1509 31089
1510 34480
1511 38686
1512 43699
1513 49543
1514 54949
1515 59418
1516 65250
1517 5109
1518 8741
1519 13028
1520 17805
1521 22404
1522 27659
1523 31466
1524 35333
1525 39263
1526 42381
1527 46137
1528 50259
1529 55694
1530 60305
1531 2240
1532 6446
1533 12247
1534 16227
1535 20471
1536 24382
1537 28941
1538 33659
1539 38358
1540 44118
1541 48662
1542 52311
1543 55608
1544 59841
1545 64098
1546 4079
1547 9352
1548 12878
1549 16527
1550 20457
1551 25250
1552 29112
1553 33029
1554 37918
1555 42119
1556 48338
1557 54327
1558 61780
1559 944
1560 5458
1561 9837
1562 16472
1563 20666
1564 24444
1565 29533
1566 34694
1567 39439
1568 43489
1569 46975
1570 52877
1571 58352
1572 61778
1573 65375
1574 5430
1575 10119
1576 15026
1577 18038
1578 22340
1579 26121
1580 31210
1581 35772
1582 39478
1583 43767
1584 49004
1585 53854
1586 57745
1587 65186
1588 4847
1589 8889
1590 13419
1591 18067
1592 22596
1593 28927
1594 33118
1595 38038
1596 42020
1597 47654
1598 52685
1599 57570
1600 62621
1601 1159
1602 5681
1603 11429
1604 16229
1605 20629
1606 24891
1607 28716
1608 32696
1609 37328
1610 41023
1611 45224
1612 50195
1613 55253
1614 61094
1615 65097
1616 4708
1617 10338
1618 16239
1619 22605
1620 27791
1621 31634
1622 36054
1623 41475
1624 44501
1625 48614
1626 53162
1627 58122
1628 62601
1629 65408
1630 4767
1631 10700
1632 15970
1633 23043
1634 26226
1635 30961
1636 36977
1637 41091
1638 47873
1639 52674
1640 57097
1641 61986
1642 626
1643 4989
1644 8697
1645 13787
1646 18271
1647 22658
1648 26362
1649 32584
1650 38399
1651 44849
1652 48366
1653 52293
1654 58521
1655 62661
1656 1493
1657 6305
1658 10506
1659 14536
1660 19095
1661 23335
1662 27084
1663 30263
1664 35009
1665 39834
1666 45374
1667 48658
1668 53102
1669 57615
1670 61111
1671 65294
1672 5995
1673 11147
1674 16728
1675 22881
1676 27734
1677 31928
1678 35382
1679 40011
1680 44730
1681 49728
1682 54518
1683 58406
1684 63346
1685 3386
1686 8120
1687 12909
1688 16580
1689 21580
1690 25234
1691 29396
1692 33743
1693 39287
1694 43799
1695 47559
1696 52421
1697 59891
1698 65194
1699 4241
1700 9454
1701 13338
1702 18341
1703 23205
1704 28819
1705 32962
1706 38951
1707 43330
1708 47534
1709 57070
1710 62572
1711 1289
1712 5731
1713 10272
1714 17111
1715 21682
1716 27814
1717 31334
1718 35338
1719 40349
1720 43893
1721 47556
1722 52817
1723 56446
1724 59743
1725 63713
1726 2630
1727 8590
1728 12981
1729 18642
1730 25342
1731 30131
1732 35310
1733 41376
1734 46612
1735 52039
1736 57935
1737 63997
1738 1511
1739 5975
1740 10246
1741 15679
1742 19143
1743 24409
1744 29231
1745 34077
1746 38992
1747 43297
1748 49737
1749 55621
1750 59382
1751 63822
1752 2902
1753 7108
1754 11818
1755 17307
1756 20999
1757 26973
1758 30902
1759 36471
1760 39970
1761 45819
1762 51836
1763 55964
1764 59966
1765 65464
1766 6240
1767 12445
1768 17753
1769 21594
1770 24967
1771 31028
1772 35296
1773 40547
1774 43381
1775 47190
1776 52474
1777 56200
1778 60194
1779 63942
1780 1085
1781 5307
1782 9553
1783 13762
1784 17071
1785 20312
1786 25053
1787 30109
1788 36593
1789 41581
1790 46085
1791 50729
1792 56081
1793 59728
1794 63963
1795 3639
1796 9225
1797 12777
1798 17573
1799 22185
1800 26589
1801 30771
1802 36841
1803 42928
1804 47365
1805 52646
1806 56469
1807 61483
1808 543
1809 4413
1810 8599
1811 13443
1812 17944
1813 21843
1814 26294
1815 32669
1816 36921
1817 41233
1818 44029
1819 48969
1820 53045
1821 59981
1822 65343
1823 4861
1824 9980
1825 13921
1826 19282
1827 22719
1828 27736
1829 31839
1830 35673
1831 39425
1832 44396
1833 49097
1834 53237
1835 59365
1836 63058
1837 2800
1838 8998
1839 14687
1840 18466
1841 22357
1842 26432
1843 30304
1844 36679
1845 41954
1846 46757
1847 51672
1848 56207
1849 60857
1850 64583
1851 4442
1852 9591
1853 14115
1854 18246
1855 21148
1856 27382
1857 31422
1858 35813
1859 40782
1860 44674
1861 49265
1862 54071
1863 58560
1864 63281
1865 3440
1866 8757
1867 14740
1868 20266
1869 24897
1870 29621
1871 34240
1872 38544
1873 44385
1874 48770
1875 53382
1876 58572
1877 63981
1878 2604
1879 7082
1880 14128
1881 18857
1882 22795
1883 27047
1884 31642
1885 35032
1886 40189
1887 44979
1888 49632
1889 53093
1890 58446
1891 63748
1892 2375
1893 5798
1894 12066
1895 16421
1896 21497
1897 26744
1898 30823
1899 35884
1900 39589
1901 43536
1902 47716
1903 52177
1904 58005
1905 64608
1906 4439
1907 8085
1908 12479
1909 18166
1910 22398
1911 27040
1912 31197
1913 36584
1914 39595
1915 43908
1916 48804
1917 52733
1918 56433
1919 61243
1920 64902
1921 4463
1922 8822
1923 12877
1924 16620
1925 22316
1926 26500
1927 30479
1928 33891
1929 37824
1930 41322
1931 46462
1932 51911
1933 56923
1934 60529
1935 64104
1936 3067
1937 9539
1938 14818
1939 19350
1940 23347
1941 29173
1942 34987
1943 40070
1944 45859
1945 50120
1946 54020
1947 57693
1948 61963
1949 137
1950 4929
1951 9764
1952 15343
1953 18799
1954 22958
1955 25731
1956 32340
1957 37320
1958 41221
1959 43887
1960 48438
1961 51692
1962 58052
1963 62471
1964 2442
1965 7749
1966 11340
1967 17085
1968 24635
1969 28758
1970 32811
1971 37499
1972 42515
1973 48866
1974 53097
1975 56350
1976 60154
1977 63672
1978 1990
1979 6285
1980 13954
1981 19574
1982 23528
1983 26600
1984 30016
1985 33571
1986 38479
1987 44202
1988 48959
1989 52869
1990 58731
1991 62460
1992 2295
1993 6484
1994 10500
1995 14161
1996 19253
1997 24484
1998 28352
1999 33073
2000 37497
2001 41642
2002 46574
2003 50463
2004 55226
2005 59396
2006 63489
2007 1787
2008 6012
2009 10412
2010 15032
2011 19195
2012 23721
2013 27806
2014 32195
2015 36010
2016 39029
2017 43291
2018 48606
2019 53340
2020 60038
2021 65096
2022 4240
2023 8056
2024 10661
2025 14557
2026 18180
2027 24290
2028 29598
2029 34860
2030 39403
2031 44252
2032 47855
2033 51842
2034 57764
2035 62385
2036 468
2037 5407
2038 10390
2039 15606
2040 19881
2041 23133
2042 30383
2043 34697
2044 38513
2045 42456
2046 48630
2047 54346
2048 58715
2049 62764
2050 1517
2051 7822
2052 12149
2053 16726
2054 19940
2055 25539
2056 30057
2057 33901
2058 38553
2059 42452
2060 47118
2061 50420
2062 56005
2063 61387
2064 65235
2065 6590
2066 10236
2067 13560
2068 19251
2069 22078
2070 27805
2071 31920
2072 36611
2073 40530
2074 44583
2075 48502
2076 53120
2077 57294
2078 61072
2079 65001
2080 3958
2081 8024
2082 11590
2083 15160
2084 17923
2085 21673
2086 27093
2087 32487
2088 36180
2089 40617
2090 45621
2091 49517
2092 56034
2093 60141
2094 1270
2095 4882
2096 9515
2097 14075
2098 20064
2099 24334
2100 28691
2101 32767
2102 38101
2103 43398
2104 47788
2105 52124
2106 56495
2107 61345
2108 46
2109 5078
2110 11476
2111 15361
2112 19525
2113 23477
2114 29072
2115 32917
2116 37595
2117 43695
2118 48632
2119 53341
2120 60175
2121 63693
2122 3597
2123 8042
2124 11145
2125 15985
2126 19861
2127 23985
2128 27560
2129 31239
2130 35821
2131 40149
2132 45898
2133 52054
2134 56218
2135 62460
2136 2076
2137 6013
2138 10479
2139 14772
2140 20727
2141 25744
2142 29820
2143 34575
2144 40611
2145 44062
2146 47959
2147 54043
2148 58684
2149 64532
2150 3411
2151 8705
2152 12447
2153 17156
2154 20925
2155 25393
2156 31240
2157 36130
2158 38527
2159 38527
