5 1
10 79
15 50
20 67
25 109
30 11
35 64
40 124
45 195
50 121
55 188
60 148
65 54
70 110
75 116
80 140
85 65
90 150
95 72
100 115
105 113
110 132
115 103
120 105
125 201
130 58
135 123
140 156
145 74
150 115
155 129
160 146
165 147
170 128
175 142
180 103
185 69
190 62
195 73
200 77
205 59
210 55
215 129
220 91
225 147
230 61
235 35
240 182
245 129
250 65
255 68
260 123
265 67
270 103
275 48
280 72
285 113
290 135
295 115
300 104
305 45
310 175
315 53
320 45
325 113
330 90
335 94
340 69
345 118
350 79
355 140
360 139
365 112
370 135
375 76
380 161
385 203
390 53
395 81
400 111
405 156
410 145
415 61
420 63
425 36
430 100
435 58
440 36
445 118
450 100
455 197
460 97
465 76
470 42
475 142
480 110
485 105
490 105
495 107
500 144
505 107
510 166
515 89
520 67
525 86
530 89
535 93
540 31
545 132
550 102
555 91
560 75
565 88
570 32
575 69
580 56
585 94
590 104
595 147
600 68
605 52
610 103
615 115
620 39
625 111
630 61
635 29
640 148
645 79
650 165
655 37
660 132
665 43
670 116
675 71
680 84
685 110
690 94
695 151
700 147
705 70
710 69
715 170
720 54
725 73
730 82
735 67
740 91
745 216
750 61
755 97
760 84
765 117
770 100
775 98
780 90
785 41
790 205
795 296
800 137
805 69
810 107
815 137
820 50
825 96
830 136
835 101
840 74
845 110
850 98
855 105
860 176
865 67
870 141
875 116
880 148
885 56
890 119
895 77
900 77
905 97
910 99
915 125
920 144
925 78
930 124
935 80
940 79
945 55
950 61
955 86
960 104
965 78
970 66
975 108
980 59
985 64
990 178
995 109
1000 91
1005 56
1010 209
1015 79
1020 113
1025 32
1030 83
1035 28
1040 117
1045 71
1050 131
1055 70
1060 90
1065 89
1070 50
1075 82
1080 56
1085 136
1090 123
1095 101
1100 114
1105 118
1110 145
1115 99
1120 109
1125 83
1130 43
1135 156
1140 113
1145 107
1150 69
1155 112
1160 154
1165 82
1170 103
1175 42
1180 88
1185 100
1190 103
1195 79
1200 61
1205 63
1210 91
1215 63
1220 103
1225 142
1230 133
1235 76
1240 129
1245 172
1250 148
1255 92
1260 87
1265 50
1270 145
1275 105
1280 79
1285 66
1290 64
1295 90
1300 99
1305 124
1310 82
1315 35
1320 71
1325 203
1330 77
1335 137
1340 185
1345 49
1350 156
1355 116
1360 103
1365 84
1370 93
1375 120
1380 63
1385 107
1390 42
1395 163
1400 110
1405 123
1410 68
1415 125
1420 89
1425 76
1430 73
1435 193
1440 119
1445 78
1450 84
1455 104
1460 138
1465 92
1470 91
1475 111
1480 99
1485 135
1490 129
1495 139
1500 110
1505 143
1510 210
1515 71
1520 173
1525 92
1530 37
1535 108
1540 145
1545 126
1550 44
1555 55
1560 44
1565 108
1570 107
1575 58
1580 77
1585 204
1590 57
1595 101
1600 63
1605 56
1610 120
1615 65
1620 74
1625 49
1630 144
1635 39
1640 50
1645 81
1650 59
1655 86
1660 133
1665 50
1670 75
1675 72
1680 104
1685 57
1690 77
1695 73
1700 66
1705 89
1710 84
1715 145
1720 92
1725 47
1730 129
1735 85
1740 31
1745 57
1750 67
1755 123
1760 148
1765 75
1770 36
1775 103
1780 79
1785 80
1790 89
1795 32
1800 110
1805 68
1810 114
1815 102
1820 122
1825 102
1830 42
1835 120
1840 77
1845 144
1850 143
1855 59
1860 82
1865 85
1870 100
1875 124
1880 140
1885 126
1890 152
1895 40
1900 114
1905 77
1910 65
1915 121
1920 79
1925 34
1930 75
1935 117
1940 94
1945 160
1950 81
1955 82
1960 93
1965 74
1970 158
1975 85
1980 71
1985 132
1990 66
1995 71
2000 33
2005 57
2010 131
2015 115
2020 52
2025 65
2030 107
2035 103
2040 106
2045 91
2050 53
2055 49
2060 152
2065 149
2070 101
2075 45
2080 53
2085 51
2090 73
2095 131
2100 72
2105 96
2110 63
2115 110
2120 84
2125 172
2130 47
2135 87
2140 33
2145 75
2150 183
2155 202
2160 37
2165 48
2170 61
