1 1
2 1
3 1
4 1
5 1
6 1
7 1
8 1
9 1
10 1
11 1
12 1
13 1
14 1
15 1
16 1
17 1
18 1
19 1
20 1
21 1
22 1
23 1
24 1
25 1
26 10
27 16
28 26
29 19
30 12
31 26
32 14
33 16
34 13
35 19
36 23
37 17
38 11
39 26
40 14
41 10
42 10
43 11
44 15
45 23
46 21
47 12
48 16
49 13
50 8
51 17
52 8
53 17
54 6
55 18
56 7
57 5
58 14
59 21
60 12
61 13
62 34
63 16
64 31
65 24
66 11
67 12
68 7
69 10
70 9
71 7
72 22
73 12
74 23
75 15
76 9
77 17
78 19
79 14
80 7
81 10
82 18
83 18
84 26
85 11
86 10
87 24
88 9
89 14
90 17
91 15
92 13
93 16
94 19
95 20
96 16
97 14
98 16
99 17
100 37
101 19
102 30
103 33
104 15
105 14
106 14
107 18
108 21
109 12
110 7
111 13
112 26
113 21
114 26
115 9
116 14
117 20
118 18
119 16
120 21
121 17
122 25
123 15
124 15
125 18
126 11
127 13
128 22
129 24
130 16
131 11
132 15
133 24
134 17
135 16
136 12
137 16
138 11
139 6
140 24
141 5
142 31
143 17
144 7
145 28
146 22
147 19
148 17
149 15
150 16
151 13
152 17
153 21
154 9
155 14
156 17
157 20
158 8
159 9
160 26
161 13
162 40
163 11
164 18
165 22
166 13
167 16
168 14
169 18
170 22
171 10
172 12
173 18
174 11
175 15
176 21
177 27
178 16
179 19
180 8
181 14
182 27
183 7
184 9
185 9
186 15
187 13
188 19
189 12
190 28
191 20
192 23
193 25
194 14
195 28
196 30
197 6
198 11
199 20
200 21
201 11
202 12
203 18
204 13
205 16
206 13
207 10
208 14
209 15
210 15
211 16
212 17
213 17
214 15
215 17
216 25
217 19
218 6
219 9
220 20
221 12
222 11
223 16
224 28
225 13
226 14
227 10
228 7
229 11
230 14
231 13
232 11
233 11
234 16
235 9
236 23
237 20
238 13
239 25
240 13
241 6
242 9
243 22
244 14
245 18
246 30
247 9
248 8
249 12
250 13
251 24
252 11
253 16
254 9
255 19
256 11
257 11
258 19
259 20
260 10
261 19
262 12
263 9
264 13
265 13
266 9
267 9
268 12
269 12
270 8
271 21
272 7
273 8
274 12
275 14
276 17
277 12
278 21
279 29
280 26
281 19
282 23
283 32
284 19
285 14
286 13
287 14
288 22
289 28
290 8
291 4
292 10
293 14
294 16
295 6
296 26
297 19
298 15
299 24
300 12
301 17
302 12
303 35
304 18
305 22
306 11
307 10
308 14
309 8
310 28
311 16
312 19
313 13
314 22
315 8
316 9
317 10
318 22
319 21
320 9
321 21
322 18
323 15
324 8
325 12
326 8
327 21
328 16
329 12
330 17
331 27
332 27
333 14
334 17
335 19
336 15
337 12
338 26
339 9
340 13
341 13
342 8
343 5
344 14
345 7
346 25
347 11
348 12
349 22
350 21
351 23
352 22
353 23
354 12
355 22
356 10
357 18
358 17
359 14
360 23
361 11
362 24
363 13
364 18
365 17
366 19
367 18
368 9
369 13
370 14
371 24
372 7
373 12
374 13
375 22
376 10
377 6
378 20
379 20
380 11
381 13
382 11
383 10
384 17
385 16
386 14
387 10
388 12
389 20
390 9
391 13
392 21
393 12
394 27
395 9
396 31
397 9
398 15
399 14
400 9
401 19
402 13
403 22
404 23
405 20
406 7
407 10
408 16
409 11
410 13
411 29
412 18
413 11
414 24
415 23
416 13
417 33
418 15
419 17
420 11
421 20
422 11
423 13
424 15
425 10
426 13
427 20
428 8
429 14
430 12
431 20
432 15
433 26
434 13
435 9
436 9
437 11
438 12
439 14
440 18
441 10
442 16
443 15
444 23
445 10
446 9
447 16
448 13
449 7
450 12
451 6
452 15
453 17
454 17
455 16
456 20
457 9
458 12
459 15
460 10
461 26
462 12
463 15
464 37
465 29
466 13
467 18
468 8
469 27
470 12
471 25
472 29
473 12
474 9
475 7
476 15
477 11
478 20
479 11
480 17
481 11
482 20
483 19
484 14
485 27
486 19
487 14
488 9
489 12
490 18
491 7
492 14
493 15
494 17
495 12
496 11
497 20
498 16
499 11
500 10
501 20
502 19
503 18
504 32
505 20
506 20
507 14
508 17
509 12
510 12
511 26
512 10
513 12
514 22
515 10
516 13
517 24
518 21
519 21
520 20
521 11
522 16
523 12
524 14
525 11
526 23
527 21
528 6
529 9
530 14
531 21
532 17
533 14
534 20
535 14
536 19
537 8
538 14
539 7
540 10
541 23
542 12
543 19
544 22
545 8
546 14
547 7
548 20
549 19
550 26
551 5
552 10
553 27
554 15
555 14
556 20
557 11
558 26
559 18
560 12
561 12
562 9
563 10
564 8
565 14
566 17
567 12
568 12
569 27
570 15
571 12
572 20
573 20
574 15
575 7
576 20
577 22
578 19
579 13
580 24
581 10
582 16
583 25
584 27
585 18
586 12
587 22
588 20
589 11
590 29
591 8
592 13
593 22
594 15
595 15
596 15
597 12
598 13
599 7
600 30
601 29
602 20
603 17
604 31
605 11
606 14
607 18
608 9
609 10
610 13
611 11
612 13
613 26
614 14
615 20
616 11
617 14
618 18
619 16
620 9
621 22
622 11
623 17
624 20
625 15
626 24
627 11
628 20
629 17
630 15
631 8
632 25
633 12
634 8
635 9
636 10
637 12
638 17
639 11
640 12
641 19
642 38
643 12
644 18
645 18
646 15
647 19
648 25
649 18
650 15
651 27
652 19
653 10
654 13
655 24
656 14
657 11
658 16
659 13
660 8
661 23
662 21
663 13
664 11
665 19
666 6
667 10
668 11
669 9
670 20
671 17
672 19
673 25
674 15
675 7
676 14
677 15
678 8
679 11
680 16
681 7
682 14
683 13
684 19
685 12
686 9
687 10
688 14
689 17
690 11
691 16
692 27
693 8
694 20
695 5
696 5
697 43
698 15
699 11
700 16
701 15
702 12
703 20
704 13
705 14
706 13
707 16
708 10
709 15
710 17
711 13
712 5
713 14
714 13
715 23
716 34
717 19
718 8
719 6
720 29
721 20
722 11
723 14
724 8
725 21
726 8
727 15
728 6
729 9
730 8
731 11
732 16
733 17
734 11
735 20
736 28
737 7
738 16
739 11
740 13
741 16
742 13
743 32
744 16
745 18
746 14
747 11
748 13
749 17
750 10
751 15
752 21
753 18
754 7
755 17
756 18
757 17
758 18
759 17
760 27
761 10
762 21
763 17
764 12
765 11
766 13
767 9
768 11
769 17
770 16
771 10
772 20
773 11
774 10
775 11
776 6
777 8
778 17
779 7
780 19
781 7
782 16
783 8
784 15
785 8
786 7
787 12
788 33
789 6
790 22
791 15
792 11
793 18
794 23
795 8
796 16
797 14
798 19
799 17
800 18
801 12
802 20
803 21
804 17
805 12
806 13
807 13
808 14
809 14
810 20
811 14
812 9
813 10
814 8
815 8
816 17
817 17
818 11
819 14
820 23
821 13
822 8
823 8
824 10
825 13
826 10
827 29
828 6
829 10
830 10
831 13
832 11
833 33
834 8
835 20
836 17
837 9
838 8
839 8
840 16
841 12
842 12
843 17
844 11
845 15
846 7
847 11
848 16
849 12
850 9
851 21
852 10
853 9
854 20
855 8
856 13
857 13
858 17
859 12
860 12
861 13
862 2
863 21
864 4
865 20
866 14
867 14
868 20
869 9
870 17
871 16
872 11
873 14
874 14
875 17
876 12
877 12
878 19
879 22
880 11
881 11
882 16
883 9
884 8
885 16
886 14
887 13
888 18
889 10
890 12
891 16
892 15
893 32
894 12
895 15
896 28
897 14
898 12
899 23
900 14
901 9
902 6
903 14
904 9
905 18
906 14
907 18
908 11
909 11
910 14
911 20
912 11
913 19
914 9
915 13
916 18
917 13
918 11
919 11
920 15
921 13
922 26
923 25
924 19
925 7
926 5
927 13
928 13
929 15
930 23
931 13
932 22
933 31
934 16
935 9
936 7
937 16
938 15
939 16
940 20
941 19
942 12
943 16
944 21
945 14
946 16
947 13
948 8
949 23
950 12
951 10
952 16
953 15
954 9
955 14
956 12
957 25
958 15
959 15
960 18
961 15
962 22
963 17
964 11
965 10
966 14
967 18
968 18
969 11
970 14
971 17
972 25
973 18
974 24
975 16
976 8
977 12
978 11
979 14
980 18
981 12
982 16
983 9
984 12
985 21
986 20
987 11
988 16
989 10
990 18
991 16
992 17
993 15
994 11
995 11
996 15
997 18
998 10
999 22
1000 17
1001 16
1002 31
1003 12
1004 22
1005 10
1006 10
1007 8
1008 22
1009 22
1010 21
1011 15
1012 12
1013 12
1014 12
1015 14
1016 16
1017 18
1018 16
1019 13
1020 25
1021 9
1022 17
1023 14
1024 11
1025 13
1026 15
1027 14
1028 17
1029 12
1030 8
1031 11
1032 14
1033 12
1034 14
1035 20
1036 9
1037 10
1038 19
1039 19
1040 14
1041 17
1042 20
1043 12
1044 16
1045 21
1046 21
1047 10
1048 25
1049 14
1050 12
1051 14
1052 12
1053 12
1054 12
1055 13
1056 9
1057 17
1058 16
1059 19
1060 13
1061 11
1062 7
1063 13
1064 16
1065 19
1066 16
1067 13
1068 8
1069 11
1070 11
1071 12
1072 24
1073 12
1074 10
1075 12
1076 11
1077 20
1078 28
1079 15
1080 11
1081 15
1082 11
1083 12
1084 11
1085 11
1086 11
1087 30
1088 14
1089 9
1090 17
1091 18
1092 18
1093 14
1094 16
1095 43
1096 9
1097 18
1098 7
1099 10
1100 19
1101 16
1102 12
1103 32
1104 10
1105 28
1106 13
1107 21
1108 7
1109 18
1110 17
1111 19
1112 7
1113 14
1114 16
1115 16
1116 23
1117 9
1118 11
1119 11
1120 19
1121 18
1122 15
1123 8
1124 17
1125 7
1126 21
1127 11
1128 29
1129 10
1130 7
1131 21
1132 12
1133 11
1134 9
1135 10
1136 15
1137 30
1138 8
1139 8
1140 13
1141 15
1142 9
1143 14
1144 18
1145 21
1146 18
1147 28
1148 9
1149 6
1150 17
1151 14
1152 31
1153 13
1154 9
1155 14
1156 29
1157 10
1158 15
1159 15
1160 13
1161 14
1162 14
1163 16
1164 16
1165 15
1166 23
1167 7
1168 9
1169 10
1170 10
1171 24
1172 15
1173 12
1174 26
1175 22
1176 14
1177 26
1178 24
1179 14
1180 13
1181 20
1182 25
1183 13
1184 14
1185 11
1186 8
1187 8
1188 14
1189 35
1190 10
1191 20
1192 18
1193 10
1194 13
1195 26
1196 19
1197 20
1198 11
1199 10
1200 9
1201 7
1202 10
1203 9
1204 18
1205 8
1206 12
1207 17
1208 10
1209 10
1210 25
1211 15
1212 29
1213 13
1214 14
1215 15
1216 8
1217 11
1218 22
1219 20
1220 26
1221 16
1222 15
1223 9
1224 8
1225 10
1226 8
1227 18
1228 20
1229 10
1230 21
1231 20
1232 8
1233 11
1234 12
1235 14
1236 17
1237 12
1238 22
1239 13
1240 11
1241 13
1242 7
1243 20
1244 21
1245 7
1246 16
1247 10
1248 13
1249 8
1250 16
1251 9
1252 20
1253 9
1254 15
1255 12
1256 6
1257 14
1258 12
1259 7
1260 14
1261 18
1262 10
1263 9
1264 11
1265 19
1266 21
1267 6
1268 11
1269 9
1270 9
1271 18
1272 9
1273 12
1274 12
1275 14
1276 10
1277 16
1278 11
1279 8
1280 14
1281 15
1282 20
1283 16
1284 22
1285 15
1286 9
1287 13
1288 11
1289 14
1290 19
1291 18
1292 18
1293 35
1294 13
1295 18
1296 12
1297 33
1298 17
1299 14
1300 10
1301 9
1302 19
1303 12
1304 12
1305 13
1306 18
1307 17
1308 14
1309 14
1310 17
1311 18
1312 18
1313 12
1314 17
1315 18
1316 12
1317 14
1318 7
1319 26
1320 16
1321 10
1322 11
1323 10
1324 30
1325 12
1326 18
1327 13
1328 13
1329 14
1330 14
1331 8
1332 19
1333 8
1334 24
1335 25
1336 13
1337 13
1338 13
1339 10
1340 25
1341 13
1342 36
1343 11
1344 12
1345 20
1346 25
1347 15
1348 11
1349 12
1350 24
1351 19
1352 20
1353 21
1354 20
1355 8
1356 18
1357 10
1358 11
1359 10
1360 23
1361 17
1362 13
1363 13
1364 7
1365 18
1366 10
1367 13
1368 11
1369 17
1370 14
1371 28
1372 19
1373 12
1374 13
1375 13
1376 17
1377 22
1378 11
1379 16
1380 13
1381 29
1382 15
1383 12
1384 17
1385 14
1386 17
1387 21
1388 12
1389 14
1390 22
1391 17
1392 15
1393 13
1394 11
1395 10
1396 19
1397 13
1398 14
1399 22
1400 21
1401 14
1402 17
1403 24
1404 15
1405 17
1406 12
1407 7
1408 17
1409 22
1410 10
1411 12
1412 6
1413 18
1414 14
1415 9
1416 6
1417 10
1418 10
1419 13
1420 12
1421 13
1422 9
1423 19
1424 12
1425 26
1426 13
1427 15
1428 18
1429 27
1430 9
1431 14
1432 8
1433 11
1434 6
1435 20
1436 22
1437 17
1438 26
1439 18
1440 16
1441 18
1442 13
1443 11
1444 10
1445 13
1446 10
1447 14
1448 7
1449 12
1450 21
1451 23
1452 28
1453 11
1454 14
1455 17
1456 10
1457 12
1458 21
1459 20
1460 8
1461 12
1462 12
1463 21
1464 18
1465 27
1466 20
1467 17
1468 16
1469 21
1470 12
1471 8
1472 16
1473 18
1474 12
1475 29
1476 18
1477 20
1478 11
1479 14
1480 13
1481 15
1482 28
1483 10
1484 11
1485 20
1486 10
1487 17
1488 16
1489 13
1490 9
1491 21
1492 14
1493 10
1494 20
1495 11
1496 24
1497 20
1498 12
1499 27
1500 17
1501 21
1502 18
1503 7
1504 17
1505 19
1506 17
1507 10
1508 16
1509 24
1510 15
1511 25
1512 14
1513 19
1514 17
1515 21
1516 12
1517 22
1518 13
1519 23
1520 10
1521 11
1522 8
1523 17
1524 22
1525 15
1526 10
1527 8
1528 8
1529 19
1530 28
1531 15
1532 8
1533 23
1534 11
1535 17
1536 19
1537 15
1538 9
1539 11
1540 7
1541 12
1542 7
1543 12
1544 19
1545 10
1546 14
1547 17
1548 7
1549 5
1550 19
1551 13
1552 14
1553 13
1554 8
1555 13
1556 16
1557 14
1558 14
1559 23
1560 11
1561 15
1562 11
1563 22
1564 10
1565 8
1566 12
1567 11
1568 9
1569 21
1570 8
1571 8
1572 9
1573 10
1574 22
1575 16
1576 26
1577 14
1578 22
1579 14
1580 10
1581 13
1582 12
1583 13
1584 17
1585 13
1586 11
1587 13
1588 10
1589 9
1590 23
1591 21
1592 21
1593 25
1594 12
1595 12
1596 16
1597 21
1598 9
1599 14
1600 22
1601 15
1602 24
1603 16
1604 23
1605 12
1606 14
1607 22
1608 15
1609 10
1610 13
1611 15
1612 10
1613 16
1614 10
1615 11
1616 15
1617 11
1618 15
1619 13
1620 15
1621 27
1622 11
1623 19
1624 12
1625 17
1626 9
1627 7
1628 15
1629 14
1630 17
1631 10
1632 16
1633 15
1634 13
1635 12
1636 14
1637 8
1638 20
1639 22
1640 16
1641 14
1642 13
1643 18
1644 31
1645 15
1646 13
1647 21
1648 13
1649 9
1650 16
1651 10
1652 27
1653 11
1654 12
1655 15
1656 8
1657 11
1658 21
1659 12
1660 20
1661 11
1662 30
1663 16
1664 19
1665 17
1666 39
1667 23
1668 16
1669 9
1670 11
1671 22
1672 8
1673 14
1674 24
1675 13
1676 10
1677 8
1678 25
1679 19
1680 15
1681 23
1682 21
1683 14
1684 20
1685 14
1686 23
1687 8
1688 18
1689 13
1690 15
1691 9
1692 15
1693 16
1694 20
1695 13
1696 14
1697 25
1698 9
1699 18
1700 17
1701 19
1702 16
1703 11
1704 19
1705 24
1706 37
1707 16
1708 11
1709 11
1710 10
1711 12
1712 9
1713 19
1714 13
1715 17
1716 23
1717 21
1718 11
1719 22
1720 23
1721 11
1722 29
1723 21
1724 13
1725 22
1726 19
1727 20
1728 19
1729 29
1730 17
1731 14
1732 13
1733 10
1734 8
1735 24
1736 9
1737 16
1738 11
1739 7
1740 10
1741 12
1742 16
1743 13
1744 12
1745 19
1746 9
1747 12
1748 14
1749 16
1750 16
1751 13
1752 14
1753 25
1754 14
1755 9
1756 11
1757 17
1758 9
1759 16
1760 19
1761 20
1762 14
1763 24
1764 11
1765 8
1766 22
1767 16
1768 24
1769 22
1770 20
1771 5
1772 17
1773 8
1774 9
1775 15
1776 14
1777 8
1778 11
1779 22
1780 13
1781 23
1782 19
1783 17
1784 8
1785 13
1786 17
1787 9
1788 13
1789 12
1790 25
1791 13
1792 21
1793 10
1794 21
1795 9
1796 26
1797 10
1798 11
1799 8
1800 15
1801 20
1802 8
1803 20
1804 16
1805 8
1806 14
1807 15
1808 23
1809 10
1810 14
1811 12
1812 14
1813 13
1814 14
1815 7
1816 16
1817 12
1818 25
1819 22
1820 10
1821 14
1822 14
1823 22
1824 11
1825 19
1826 20
1827 15
1828 14
1829 10
1830 10
1831 15
1832 12
1833 8
1834 10
1835 15
1836 15
1837 9
1838 14
1839 21
1840 6
1841 14
1842 18
1843 12
1844 12
1845 8
1846 13
1847 11
1848 14
1849 27
1850 13
1851 25
1852 9
1853 9
1854 10
1855 15
1856 19
1857 11
1858 20
1859 11
1860 10
1861 13
1862 18
1863 13
1864 17
1865 8
1866 7
1867 27
1868 11
1869 23
1870 11
1871 11
1872 14
1873 10
1874 9
1875 10
1876 19
1877 10
1878 15
1879 13
1880 10
1881 18
1882 13
1883 23
1884 14
1885 10
1886 11
1887 15
1888 12
1889 8
1890 10
1891 15
1892 18
1893 12
1894 14
1895 10
1896 17
1897 11
1898 13
1899 12
1900 18
1901 11
1902 6
1903 11
1904 15
1905 19
1906 25
1907 13
1908 15
1909 14
1910 17
1911 13
1912 14
1913 18
1914 11
1915 13
1916 15
1917 14
1918 10
1919 21
1920 15
1921 14
1922 15
1923 17
1924 16
1925 17
1926 7
1927 13
1928 21
1929 19
1930 27
1931 20
1932 19
1933 18
1934 24
1935 26
1936 9
1937 20
1938 11
1939 12
1940 12
1941 15
1942 14
1943 11
1944 7
1945 10
1946 10
1947 10
1948 19
1949 20
1950 15
1951 18
1952 19
1953 16
1954 6
1955 10
1956 12
1957 27
1958 15
1959 16
1960 14
1961 9
1962 18
1963 8
1964 11
1965 11
1966 20
1967 6
1968 12
1969 19
1970 12
1971 16
1972 11
1973 13
1974 8
1975 16
1976 20
1977 10
1978 12
1979 15
1980 12
1981 9
1982 24
1983 14
1984 31
1985 14
1986 8
1987 16
1988 17
1989 11
1990 7
1991 13
1992 16
1993 15
1994 21
1995 13
1996 23
1997 10
1998 15
1999 30
2000 19
2001 17
2002 13
2003 14
2004 30
2005 9
2006 12
2007 11
2008 10
2009 14
2010 16
2011 19
2012 13
2013 16
2014 12
2015 11
2016 17
2017 27
2018 13
2019 15
2020 16
2021 14
2022 14
2023 11
2024 20
2025 19
2026 19
2027 15
2028 12
2029 10
2030 22
2031 18
2032 21
2033 9
2034 22
2035 15
2036 10
2037 14
2038 15
2039 9
2040 14
2041 11
2042 6
2043 27
2044 14
2045 17
2046 14
2047 18
2048 16
2049 13
2050 7
2051 15
2052 15
2053 16
2054 5
2055 7
2056 10
2057 12
2058 5
2059 21
2060 9
2061 12
2062 12
2063 19
2064 20
2065 21
2066 18
2067 13
2068 8
2069 17
2070 18
2071 15
2072 22
2073 16
2074 11
2075 12
2076 16
2077 16
2078 13
2079 12
2080 19
2081 24
2082 11
2083 11
2084 8
2085 20
2086 31
2087 10
2088 13
2089 13
2090 19
2091 12
2092 17
2093 17
2094 9
2095 14
2096 14
2097 22
2098 21
2099 15
2100 14
2101 14
2102 24
2103 7
2104 13
2105 10
2106 20
2107 20
2108 16
2109 11
2110 12
2111 7
2112 11
2113 12
2114 28
2115 8
2116 21
2117 6
2118 18
2119 8
2120 11
2121 19
2122 13
2123 28
2124 10
2125 13
2126 10
2127 10
2128 8
2129 19
2130 10
2131 17
2132 9
2133 12
2134 10
2135 21
2136 13
2137 18
2138 18
2139 15
2140 26
2141 18
2142 21
2143 19
2144 10
2145 22
2146 15
2147 13
2148 15
2149 23
2150 8
2151 26
2152 10
2153 13
2154 21
2155 17
2156 27
2157 18
2158 18
2159 14
2160 20
2161 10
2162 15
2163 18
2164 21
2165 16
2166 19
2167 12
2168 16
2169 14
2170 20
2171 20
2172 16
2173 14
2174 12
2175 10
2176 21
2177 15
2178 25
2179 5
2180 12
2181 13
2182 19
2183 21
2184 6
2185 25
2186 17
2187 11
2188 14
2189 14
2190 18
2191 14
2192 16
2193 11
2194 28
2195 18
2196 10
2197 23
2198 15
2199 22
2200 15
2201 13
2202 15
2203 28
2204 22
2205 15
2206 17
2207 22
2208 27
2209 13
2210 9
2211 11
2212 14
2213 15
2214 15
2215 24
2216 14
2217 8
2218 21
2219 40
2220 12
2221 16
2222 13
2223 20
2224 20
2225 6
2226 7
2227 13
2228 14
2229 15
2230 11
2231 9
2232 11
2233 30
2234 10
2235 19
2236 16
2237 15
2238 14
2239 11
2240 10
2241 12
2242 21
2243 14
2244 11
2245 12
2246 7
2247 24
2248 19
2249 11
2250 21
2251 8
2252 5
2253 26
2254 14
2255 15
2256 11
2257 8
2258 7
2259 13
2260 16
2261 30
2262 12
2263 24
2264 23
2265 15
2266 15
2267 19
2268 19
2269 9
2270 14
2271 11
2272 15
2273 17
2274 22
2275 10
2276 14
2277 13
2278 19
2279 11
2280 16
2281 17
2282 10
2283 13
2284 9
2285 19
2286 7
2287 25
2288 23
2289 21
2290 15
2291 21
2292 17
2293 17
2294 32
2295 17
2296 15
2297 16
2298 10
2299 23
2300 7
2301 8
2302 9
2303 18
2304 23
2305 9
2306 26
2307 20
2308 7
2309 14
2310 11
2311 7
2312 15
2313 12
2314 19
2315 12
2316 6
2317 18
2318 14
2319 13
2320 20
2321 22
2322 12
2323 12
2324 16
2325 13
2326 13
2327 23
2328 10
2329 8
2330 12
2331 14
2332 9
2333 12
2334 28
2335 15
2336 23
2337 17
2338 12
2339 12
2340 15
2341 13
2342 22
2343 8
2344 13
2345 18
2346 31
2347 22
2348 15
2349 13
2350 20
2351 15
2352 18
2353 13
2354 9
2355 8
2356 16
2357 14
2358 10
2359 13
2360 18
2361 18
2362 25
2363 22
2364 14
2365 14
2366 21
2367 11
2368 15
2369 14
2370 12
2371 17
2372 11
2373 18
2374 20
2375 12
2376 7
2377 11
2378 16
2379 21
2380 18
2381 17
2382 9
2383 13
2384 20
2385 19
2386 13
2387 9
2388 22
2389 17
2390 6
2391 18
2392 19
2393 16
2394 11
2395 14
2396 12
2397 13
2398 22
2399 13
2400 14
2401 23
2402 17
2403 14
2404 18
2405 9
2406 11
2407 11
2408 15
2409 12
2410 18
2411 12
2412 20
2413 18
2414 15
2415 29
2416 16
2417 13
2418 13
2419 19
2420 13
2421 8
2422 24
2423 20
2424 8
2425 21
2426 10
2427 12
2428 32
2429 9
2430 21
2431 11
2432 16
2433 14
2434 23
2435 12
2436 10
2437 24
2438 21
2439 9
2440 22
2441 18
2442 12
2443 7
2444 20
2445 17
2446 23
2447 15
2448 16
2449 13
2450 13
2451 16
2452 13
2453 10
2454 14
2455 13
2456 23
2457 20
2458 19
2459 25
2460 7
2461 19
2462 10
2463 12
2464 13
2465 21
2466 12
2467 13
2468 16
2469 10
2470 12
2471 20
2472 11
2473 26
2474 17
2475 12
2476 15
2477 16
2478 21
2479 17
2480 10
2481 21
2482 14
2483 11
2484 8
2485 13
2486 9
2487 14
2488 14
2489 12
2490 17
2491 23
2492 14
2493 11
2494 10
2495 7
2496 15
2497 12
2498 16
2499 17
2500 13
2501 19
2502 12
2503 10
2504 12
2505 20
2506 11
2507 22
2508 14
2509 14
2510 10
2511 6
2512 15
2513 12
2514 16
2515 16
2516 12
2517 10
2518 21
2519 12
2520 7
2521 12
2522 14
2523 8
2524 16
2525 10
2526 12
2527 8
2528 26
2529 18
2530 28
2531 14
2532 9
2533 21
2534 9
2535 11
2536 21
2537 21
2538 14
2539 15
2540 8
2541 11
2542 15
2543 22
2544 12
2545 20
2546 19
2547 20
2548 17
2549 10
2550 7
2551 16
2552 18
2553 15
2554 11
2555 24
2556 9
2557 13
2558 29
2559 17
2560 15
2561 17
2562 14
2563 25
2564 24
2565 11
2566 20
2567 10
2568 19
2569 27
2570 19
2571 10
2572 9
2573 11
2574 15
2575 34
2576 13
2577 16
2578 10
2579 24
2580 16
2581 16
2582 10
2583 12
2584 19
2585 11
2586 13
2587 12
2588 11
2589 10
2590 19
2591 15
2592 13
2593 9
2594 9
2595 14
2596 12
2597 17
2598 5
2599 10
2600 8
2601 21
2602 14
2603 8
2604 23
2605 7
2606 11
2607 22
2608 14
2609 8
2610 13
2611 17
2612 10
2613 10
2614 15
2615 17
2616 10
2617 11
2618 7
2619 22
2620 7
2621 13
2622 38
2623 6
2624 12
2625 11
2626 19
2627 10
2628 10
2629 18
2630 16
2631 21
2632 6
2633 24
2634 16
2635 11
2636 9
2637 11
2638 9
2639 27
2640 10
2641 14
2642 10
2643 10
2644 21
2645 22
2646 28
2647 19
2648 10
2649 21
2650 12
2651 10
2652 10
2653 7
2654 17
2655 5
2656 14
2657 12
2658 14
2659 11
2660 20
2661 19
2662 29
2663 14
2664 17
2665 19
2666 12
2667 14
2668 18
2669 10
2670 13
2671 22
2672 13
2673 13
2674 18
2675 19
2676 21
2677 14
2678 17
2679 9
2680 15
2681 19
2682 11
2683 9
2684 30
2685 16
2686 7
2687 16
2688 7
2689 8
2690 16
2691 10
2692 13
2693 13
2694 9
2695 26
2696 14
2697 11
2698 13
2699 19
2700 9
2701 17
2702 15
2703 11
2704 17
2705 15
2706 13
2707 19
2708 16
2709 9
2710 17
2711 14
2712 22
2713 15
2714 26
2715 17
2716 15
2717 11
2718 9
2719 22
2720 19
2721 27
2722 21
2723 23
2724 17
2725 10
2726 8
2727 27
2728 13
2729 8
2730 22
2731 24
2732 21
2733 14
2734 27
2735 16
2736 11
2737 12
2738 24
2739 13
2740 21
2741 12
2742 25
2743 18
2744 13
2745 13
2746 9
2747 17
2748 9
2749 23
2750 16
2751 15
2752 18
2753 16
2754 16
2755 12
2756 6
2757 13
2758 30
2759 12
2760 12
2761 11
2762 14
2763 8
2764 13
2765 16
2766 19
2767 15
2768 13
2769 8
2770 8
2771 12
2772 18
2773 16
2774 13
2775 16
2776 23
2777 13
2778 25
2779 17
2780 5
2781 16
2782 4
2783 18
2784 12
2785 10
2786 18
2787 20
2788 15
2789 16
2790 16
2791 13
2792 16
2793 18
2794 9
2795 8
2796 18
2797 12
2798 16
2799 12
2800 12
2801 13
2802 14
2803 24
2804 18
2805 8
2806 14
2807 25
2808 16
2809 6
2810 13
2811 12
2812 14
2813 9
2814 6
2815 11
2816 20
2817 16
2818 15
2819 39
2820 11
2821 8
2822 19
2823 6
2824 18
2825 13
2826 22
2827 16
2828 18
2829 13
2830 14
2831 15
2832 7
2833 7
2834 15
2835 35
2836 9
2837 11
2838 16
2839 26
2840 13
2841 14
2842 14
2843 10
2844 21
2845 16
2846 14
2847 21
2848 20
2849 18
2850 11
2851 29
2852 11
2853 31
2854 21
2855 27
2856 6
2857 23
2858 22
2859 14
2860 12
2861 32
2862 28
2863 11
2864 20
2865 27
2866 8
2867 11
2868 14
2869 12
2870 11
2871 12
2872 6
2873 18
2874 13
2875 7
2876 20
2877 13
2878 7
2879 16
2880 12
2881 12
2882 11
2883 26
2884 17
2885 21
2886 21
2887 17
2888 10
2889 14
2890 7
2891 10
2892 11
2893 11
2894 13
2895 7
2896 11
2897 9
2898 21
2899 15
2900 8
2901 10
2902 11
2903 12
2904 14
2905 18
2906 10
2907 28
2908 12
2909 10
2910 22
2911 16
2912 19
2913 20
2914 22
2915 15
2916 11
2917 21
2918 21
2919 12
2920 19
2921 18
2922 16
2923 9
2924 14
2925 10
2926 17
2927 13
2928 19
2929 25
2930 9
2931 13
2932 17
2933 21
2934 18
2935 13
2936 16
2937 11
2938 9
2939 12
2940 10
2941 24
2942 19
2943 24
2944 23
2945 10
2946 12
2947 10
2948 16
2949 19
2950 20
2951 21
2952 11
2953 17
2954 8
2955 15
2956 14
2957 7
2958 25
2959 14
2960 27
2961 22
2962 13
2963 18
2964 9
2965 11
2966 15
2967 20
2968 12
2969 18
2970 19
2971 52
2972 24
2973 30
2974 13
2975 13
2976 21
2977 27
2978 11
2979 30
2980 23
2981 17
2982 11
2983 24
2984 16
2985 19
2986 12
2987 14
2988 15
2989 11
2990 20
2991 11
2992 14
2993 12
2994 18
2995 15
2996 20
2997 25
2998 11
2999 18
3000 15
3001 17
3002 19
3003 15
3004 12
3005 8
3006 11
3007 7
3008 20
3009 10
3010 15
3011 19
3012 15
3013 12
3014 22
3015 11
3016 16
3017 13
3018 25
3019 12
3020 11
3021 11
3022 31
3023 6
3024 15
3025 13
3026 10
3027 11
3028 16
3029 19
3030 15
3031 6
3032 12
3033 12
3034 21
3035 15
3036 18
3037 25
3038 18
3039 9
3040 12
3041 25
3042 10
3043 8
3044 25
3045 20
3046 23
3047 16
3048 17
3049 38
3050 18
3051 11
3052 11
3053 12
3054 9
3055 13
3056 15
3057 15
3058 18
3059 18
3060 15
3061 18
3062 20
3063 9
3064 11
3065 19
3066 12
3067 13
3068 21
3069 18
3070 14
3071 10
3072 13
3073 19
3074 3
3075 8
3076 13
3077 24
3078 8
3079 15
3080 13
3081 14
3082 20
3083 15
3084 10
3085 9
3086 8
3087 9
3088 12
3089 12
3090 18
3091 19
3092 18
3093 15
3094 17
3095 27
3096 10
3097 16
3098 19
3099 15
3100 14
3101 20
3102 18
3103 14
3104 10
3105 15
3106 12
3107 8
3108 21
3109 20
3110 8
3111 26
3112 16
3113 27
3114 9
3115 11
3116 8
3117 13
3118 28
3119 15
3120 10
3121 9
3122 12
3123 12
3124 23
3125 18
3126 14
3127 13
3128 14
3129 9
3130 9
3131 16
3132 9
3133 10
3134 9
3135 24
3136 20
3137 14
3138 20
3139 14
3140 11
3141 17
3142 10
3143 7
3144 9
3145 29
3146 13
3147 10
3148 11
3149 10
3150 15
3151 18
3152 12
3153 16
3154 16
3155 11
3156 8
3157 34
3158 13
3159 16
3160 19
3161 23
3162 18
3163 10
3164 8
3165 17
3166 11
3167 14
3168 13
3169 8
3170 19
3171 20
3172 12
3173 8
3174 23
3175 17
3176 13
3177 21
3178 12
3179 19
3180 27
3181 15
3182 19
3183 12
3184 22
3185 18
3186 18
3187 13
3188 19
3189 28
3190 9
3191 22
3192 17
3193 20
3194 9
3195 9
3196 15
3197 8
3198 22
3199 16
3200 13
3201 14
3202 25
3203 23
3204 20
3205 26
3206 19
3207 10
3208 14
3209 17
3210 15
3211 16
3212 19
3213 7
3214 12
3215 27
3216 19
3217 15
3218 18
3219 23
3220 8
3221 18
3222 15
3223 8
3224 13
3225 12
3226 27
3227 24
3228 15
3229 26
3230 11
3231 13
3232 19
3233 16
3234 20
3235 11
3236 11
3237 7
3238 12
3239 16
3240 17
3241 7
3242 7
3243 21
3244 15
3245 20
3246 9
3247 15
3248 8
3249 7
3250 15
3251 19
3252 16
3253 14
3254 10
3255 15
3256 15
3257 12
3258 18
3259 17
3260 8
3261 16
3262 18
3263 19
3264 9
3265 14
3266 16
3267 18
3268 20
3269 11
3270 13
3271 10
3272 12
3273 13
3274 21
3275 16
3276 12
3277 13
3278 14
3279 17
3280 17
3281 16
3282 17
3283 15
3284 12
3285 24
3286 12
3287 27
3288 23
3289 17
3290 15
3291 9
3292 9
3293 13
3294 13
3295 15
3296 10
3297 7
3298 7
3299 16
3300 8
3301 21
3302 10
3303 10
3304 18
3305 16
3306 10
3307 32
3308 22
3309 11
3310 12
3311 10
3312 27
3313 19
3314 17
3315 17
3316 24
3317 22
3318 12
3319 14
3320 31
3321 18
3322 10
3323 19
3324 20
3325 15
3326 13
3327 21
3328 15
3329 20
3330 17
3331 16
3332 8
3333 13
3334 9
3335 21
3336 18
3337 6
3338 18
3339 20
3340 9
3341 9
3342 10
3343 12
3344 28
3345 15
3346 17
3347 19
3348 11
3349 21
3350 17
3351 10
3352 12
3353 18
3354 16
3355 18
3356 18
3357 16
3358 14
3359 14
3360 8
3361 13
3362 10
3363 23
3364 14
3365 14
3366 21
3367 13
3368 14
3369 26
3370 15
3371 13
3372 19
3373 31
3374 11
3375 16
3376 12
3377 22
3378 12
3379 15
3380 12
3381 19
3382 8
3383 8
3384 8
3385 18
3386 10
3387 14
3388 10
3389 21
3390 13
3391 17
3392 5
3393 21
3394 10
3395 10
3396 20
3397 18
3398 18
3399 12
3400 13
3401 26
3402 16
3403 18
3404 15
3405 13
3406 15
3407 13
3408 18
3409 12
3410 11
3411 13
3412 16
3413 20
3414 30
3415 11
3416 15
3417 19
3418 14
3419 14
3420 18
3421 13
3422 14
3423 23
3424 15
3425 10
3426 13
3427 16
3428 12
3429 21
3430 8
3431 13
3432 12
3433 12
3434 15
3435 9
3436 24
3437 17
3438 10
3439 13
3440 18
3441 23
3442 3
3443 21
3444 16
3445 14
3446 13
3447 16
3448 15
3449 16
3450 11
3451 17
3452 26
3453 22
3454 6
3455 12
3456 25
3457 9
3458 12
3459 17
3460 11
3461 16
3462 12
3463 8
3464 4
3465 24
3466 15
3467 11
3468 18
3469 12
3470 19
3471 12
3472 30
3473 9
3474 11
3475 24
3476 12
3477 13
3478 15
3479 12
3480 11
3481 24
3482 19
3483 13
3484 14
3485 12
3486 30
3487 9
3488 24
3489 17
3490 18
3491 16
3492 11
3493 19
3494 17
3495 12
3496 16
3497 19
3498 20
3499 21
3500 19
3501 24
3502 12
3503 11
3504 17
3505 16
3506 13
3507 17
3508 33
3509 22
3510 14
3511 9
3512 12
3513 13
3514 11
3515 26
3516 26
3517 14
3518 10
3519 21
3520 29
3521 17
3522 18
3523 11
3524 15
3525 27
3526 24
3527 8
3528 18
3529 8
3530 10
3531 18
3532 12
3533 8
3534 13
3535 15
3536 9
3537 18
3538 14
3539 16
3540 16
3541 10
3542 13
3543 11
3544 21
3545 20
3546 13
3547 17
3548 12
3549 17
3550 20
3551 19
3552 14
3553 23
3554 14
3555 21
3556 13
3557 18
3558 13
3559 10
3560 10
3561 21
3562 23
3563 16
3564 11
3565 16
3566 14
3567 17
3568 8
3569 11
3570 18
3571 17
3572 16
3573 8
3574 16
3575 19
3576 16
3577 13
3578 10
3579 12
3580 7
3581 11
3582 7
3583 7
3584 19
3585 17
3586 21
3587 11
3588 10
3589 19
3590 8
3591 15
3592 17
3593 18
3594 20
3595 26
3596 11
3597 14
3598 14
3599 27
3600 18
3601 20
3602 6
3603 11
3604 16
3605 18
3606 15
3607 17
3608 16
3609 8
3610 14
3611 7
3612 16
3613 20
3614 14
3615 16
3616 15
3617 9
3618 17
3619 32
3620 9
3621 11
3622 10
3623 11
3624 20
3625 16
3626 17
3627 15
3628 16
3629 18
3630 13
3631 14
3632 15
3633 23
3634 10
3635 25
3636 22
3637 10
3638 22
3639 15
3640 13
3641 23
3642 17
3643 28
3644 14
3645 11
3646 11
3647 11
3648 23
3649 13
3650 20
3651 28
3652 8
3653 17
3654 15
3655 4
3656 19
3657 14
3658 8
3659 12
3660 13
3661 24
3662 16
3663 19
3664 14
3665 25
3666 21
3667 10
3668 22
3669 16
3670 16
3671 18
3672 18
3673 12
3674 12
3675 15
3676 17
3677 17
3678 21
3679 9
3680 16
3681 23
3682 11
3683 10
3684 6
3685 17
3686 12
3687 5
3688 13
3689 14
3690 12
3691 8
3692 11
3693 24
3694 14
3695 9
3696 8
3697 9
3698 24
3699 25
3700 17
3701 17
3702 8
3703 14
3704 19
3705 16
3706 14
3707 19
3708 19
3709 15
3710 9
3711 17
3712 21
3713 7
3714 15
3715 20
3716 15
3717 8
3718 12
3719 24
3720 10
3721 17
3722 14
3723 10
3724 20
3725 14
3726 9
3727 16
3728 13
3729 15
3730 15
3731 11
3732 37
3733 20
3734 13
3735 13
3736 14
3737 11
3738 14
3739 19
3740 17
3741 21
3742 27
3743 15
3744 13
3745 10
3746 13
3747 18
3748 14
3749 13
3750 12
3751 26
3752 11
3753 12
3754 10
3755 7
3756 23
3757 16
3758 12
3759 21
3760 23
3761 31
3762 24
3763 12
3764 12
3765 10
3766 16
3767 10
3768 14
3769 13
3770 8
3771 7
3772 10
3773 8
3774 28
3775 19
3776 15
3777 32
3778 14
3779 19
3780 18
3781 13
3782 18
3783 22
3784 8
3785 23
3786 9
3787 14
3788 19
3789 8
3790 10
3791 29
3792 10
3793 12
3794 18
3795 9
3796 10
3797 11
3798 14
3799 21
3800 9
3801 13
3802 19
3803 19
3804 16
3805 13
3806 12
3807 18
3808 17
3809 11
3810 15
3811 11
3812 14
3813 25
3814 6
3815 11
3816 19
3817 14
3818 19
3819 25
3820 28
3821 11
3822 8
3823 14
3824 18
3825 17
3826 24
3827 15
3828 10
3829 13
3830 11
3831 19
3832 23
3833 14
3834 19
3835 16
3836 13
3837 13
3838 14
3839 14
3840 9
3841 20
3842 19
3843 11
3844 17
3845 12
3846 10
3847 14
3848 7
3849 12
3850 10
3851 23
3852 11
3853 15
3854 15
3855 14
3856 22
3857 13
3858 27
3859 9
3860 11
3861 17
3862 18
3863 8
3864 15
3865 6
3866 10
3867 11
3868 16
3869 15
3870 30
3871 10
3872 4
3873 31
3874 20
3875 15
3876 9
3877 16
3878 9
3879 13
3880 24
3881 16
3882 14
3883 25
3884 13
3885 27
3886 22
3887 19
3888 15
3889 12
3890 22
3891 9
3892 5
3893 25
3894 15
3895 12
3896 8
3897 11
3898 10
3899 21
3900 15
3901 16
3902 13
3903 27
3904 13
3905 20
3906 7
3907 10
3908 27
3909 11
3910 7
3911 23
3912 6
3913 10
3914 14
3915 12
3916 24
3917 25
3918 20
3919 14
3920 13
3921 9
3922 19
3923 16
3924 16
3925 12
3926 14
3927 15
3928 13
3929 9
3930 5
3931 9
3932 17
3933 14
3934 17
3935 19
3936 18
3937 15
3938 21
3939 15
3940 25
3941 9
3942 7
3943 12
3944 12
3945 17
3946 13
3947 19
3948 16
3949 16
3950 7
3951 14
3952 11
3953 8
3954 16
3955 8
3956 21
3957 14
3958 24
3959 24
3960 14
3961 17
3962 7
3963 10
3964 12
3965 14
3966 21
3967 13
3968 12
3969 10
3970 15
3971 18
3972 17
3973 14
3974 22
3975 11
3976 22
3977 39
3978 7
3979 8
3980 8
3981 15
3982 18
3983 15
3984 21
3985 8
3986 16
3987 21
3988 7
3989 11
3990 13
3991 26
3992 15
3993 10
3994 13
3995 15
3996 12
3997 25
3998 26
3999 16
4000 14
4001 8
4002 19
4003 27
4004 18
4005 33
4006 12
4007 27
4008 11
4009 16
4010 15
4011 18
4012 9
4013 15
4014 9
4015 8
4016 12
4017 24
4018 19
4019 13
4020 25
4021 8
4022 14
4023 16
4024 12
4025 16
4026 19
4027 18
4028 23
4029 11
4030 17
4031 12
4032 8
4033 12
4034 9
4035 5
4036 30
4037 9
4038 14
4039 16
4040 13
4041 10
4042 17
4043 14
4044 18
4045 20
4046 18
4047 22
4048 11
4049 15
4050 9
4051 13
4052 13
4053 19
4054 12
4055 9
4056 15
4057 22
4058 9
4059 13
4060 30
4061 19
4062 7
4063 14
4064 8
4065 9
4066 32
4067 15
4068 22
4069 21
4070 13
4071 16
4072 12
4073 14
4074 29
4075 30
4076 12
4077 11
4078 13
4079 23
4080 24
4081 18
4082 24
4083 11
4084 18
4085 23
4086 11
4087 15
4088 17
4089 10
4090 14
4091 16
4092 5
4093 14
4094 14
4095 21
4096 27
4097 15
4098 16
4099 12
4100 31
4101 17
4102 19
4103 15
4104 32
4105 16
4106 15
4107 9
4108 11
4109 16
4110 10
4111 14
4112 17
4113 16
4114 13
4115 20
4116 8
4117 23
4118 15
4119 7
4120 17
4121 13
4122 14
4123 8
4124 9
4125 6
4126 26
4127 23
4128 11
4129 10
4130 20
4131 13
4132 12
4133 24
4134 18
4135 11
4136 6
4137 15
4138 24
4139 4
4140 10
4141 17
4142 18
4143 16
4144 12
4145 16
4146 20
4147 25
4148 32
4149 21
4150 12
4151 21
4152 19
4153 15
4154 19
4155 12
4156 11
4157 26
4158 19
4159 10
4160 21
4161 17
4162 7
4163 18
4164 23
4165 28
4166 12
4167 13
4168 10
4169 9
4170 13
4171 11
4172 10
4173 27
4174 10
4175 7
4176 19
4177 20
4178 15
4179 10
4180 12
4181 14
4182 15
4183 6
4184 23
4185 16
4186 10
4187 12
4188 10
4189 16
4190 16
4191 17
4192 15
4193 10
4194 19
4195 22
4196 19
4197 12
4198 23
4199 11
4200 16
4201 22
4202 21
4203 8
4204 18
4205 10
4206 13
4207 7
4208 14
4209 12
4210 11
4211 25
4212 26
4213 16
4214 15
4215 18
4216 16
4217 21
4218 20
4219 12
4220 14
4221 20
4222 20
4223 25
4224 25
4225 20
4226 19
4227 12
4228 11
4229 16
4230 16
4231 9
4232 14
4233 13
4234 12
4235 10
4236 7
4237 17
4238 14
4239 12
4240 15
4241 13
4242 12
4243 11
4244 11
4245 11
4246 24
4247 9
4248 14
4249 13
4250 14
4251 6
4252 11
4253 22
4254 17
4255 13
4256 17
4257 12
4258 7
4259 7
4260 10
4261 10
4262 9
4263 15
4264 9
4265 12
4266 19
4267 13
4268 17
4269 12
4270 11
4271 10
4272 20
4273 18
4274 12
4275 17
4276 7
4277 12
4278 11
4279 12
4280 12
4281 14
4282 32
4283 26
4284 13
4285 22
4286 13
4287 13
4288 21
4289 21
4290 16
4291 9
4292 24
4293 10
4294 14
4295 12
4296 16
4297 10
4298 11
4299 14
4300 25
4301 13
4302 17
4303 18
4304 30
4305 12
4306 8
4307 16
4308 16
4309 19
4310 23
4311 6
4312 12
4313 21
4314 25
4315 16
4316 12
4317 18
4318 12
4319 16
4320 19
4321 8
4322 11
4323 17
4324 23
4325 14
4326 18
4327 29
4328 19
4329 14
4330 8
4331 10
4332 15
4333 16
4334 19
4335 12
4336 9
4337 19
4338 10
4339 10
4340 15
4341 12
4342 10
4343 11
4344 17
4345 13
4346 16
4347 13
4348 15
4349 23
4350 10
4351 21
4352 19
4353 9
4354 16
4355 10
4356 10
4357 18
4358 18
4359 11
4360 14
4361 15
4362 10
4363 14
4364 14
4365 9
4366 12
4367 20
4368 19
4369 16
4370 24
4371 21
4372 16
4373 9
4374 11
4375 26
4376 15
4377 18
4378 16
4379 26
4380 14
4381 12
4382 20
4383 32
4384 11
4385 8
4386 17
4387 19
4388 22
4389 6
4390 16
4391 24
4392 13
4393 15
4394 9
4395 12
4396 7
4397 17
4398 23
4399 10
4400 13
4401 12
4402 12
4403 19
4404 17
4405 10
4406 9
4407 24
4408 30
4409 8
4410 17
4411 8
4412 12
4413 19
4414 9
4415 10
4416 20
4417 17
4418 13
4419 13
4420 17
4421 27
4422 19
4423 7
4424 18
4425 9
4426 15
4427 24
4428 10
4429 25
4430 30
4431 12
4432 16
4433 21
4434 18
4435 14
4436 16
4437 23
4438 24
4439 13
4440 8
4441 12
4442 25
4443 23
4444 18
4445 11
4446 16
4447 14
4448 17
4449 24
4450 13
4451 33
4452 16
4453 13
4454 12
4455 25
4456 15
4457 19
4458 20
4459 22
4460 21
4461 10
4462 11
4463 20
4464 12
4465 14
4466 10
4467 7
4468 8
4469 13
4470 9
4471 29
4472 12
4473 22
4474 18
4475 25
4476 9
4477 6
4478 11
4479 9
4480 17
4481 10
4482 12
4483 20
4484 10
4485 13
4486 5
4487 18
4488 10
4489 12
4490 9
4491 35
4492 12
4493 6
4494 9
4495 14
4496 13
4497 20
4498 20
4499 18
4500 13
4501 20
4502 13
4503 11
4504 11
4505 6
4506 36
4507 23
4508 16
4509 12
4510 12
4511 22
4512 37
4513 15
4514 18
4515 16
4516 21
4517 19
4518 13
4519 16
4520 17
4521 23
4522 14
4523 17
4524 13
4525 22
4526 12
4527 9
4528 20
4529 10
4530 9
4531 12
4532 23
4533 15
4534 19
4535 18
4536 16
4537 8
4538 17
4539 13
4540 27
4541 14
4542 24
4543 11
4544 19
4545 19
4546 11
4547 22
4548 10
4549 11
4550 12
4551 10
4552 26
4553 19
4554 19
4555 15
4556 8
4557 11
4558 12
4559 12
4560 10
4561 20
4562 22
4563 21
4564 24
4565 15
4566 19
4567 5
4568 22
4569 11
4570 11
4571 13
4572 10
4573 17
4574 11
4575 10
4576 20
4577 21
4578 13
4579 18
4580 22
4581 11
4582 13
4583 17
4584 15
4585 16
4586 12
4587 9
4588 19
4589 23
4590 19
4591 21
4592 25
4593 9
4594 15
4595 14
4596 22
4597 16
4598 21
4599 14
4600 15
4601 13
4602 11
4603 13
4604 17
4605 17
4606 21
4607 10
4608 17
4609 14
4610 18
4611 34
4612 22
4613 9
4614 23
4615 19
4616 15
4617 15
4618 9
4619 19
4620 18
4621 11
4622 22
4623 13
4624 15
4625 12
4626 14
4627 19
4628 21
4629 14
4630 9
4631 20
4632 12
4633 15
4634 16
4635 11
4636 21
4637 14
4638 7
4639 16
4640 19
4641 11
4642 15
4643 13
4644 20
4645 9
4646 21
4647 14
4648 13
4649 14
4650 14
4651 12
4652 14
4653 8
4654 23
4655 11
4656 21
4657 17
4658 13
4659 13
4660 19
4661 4
4662 17
4663 16
4664 27
4665 23
4666 16
4667 21
4668 14
4669 16
4670 14
4671 11
4672 17
4673 9
4674 13
4675 18
4676 21
4677 16
4678 16
4679 20
4680 11
4681 17
4682 21
4683 7
4684 24
4685 7
4686 17
4687 14
4688 11
4689 18
4690 14
4691 28
4692 11
4693 30
4694 14
4695 29
4696 20
4697 10
4698 8
4699 14
4700 17
4701 18
4702 11
4703 15
4704 30
4705 16
4706 8
4707 10
4708 12
4709 8
4710 9
4711 19
4712 12
4713 8
4714 16
4715 24
4716 16
4717 16
4718 18
4719 30
4720 10
4721 17
4722 39
4723 9
4724 12
4725 15
4726 13
4727 11
4728 20
4729 15
4730 27
4731 15
4732 20
4733 8
4734 16
4735 16
4736 28
4737 9
4738 19
4739 15
4740 14
4741 19
4742 13
4743 24
4744 15
4745 17
4746 30
4747 11
4748 11
4749 17
4750 20
4751 9
4752 11
4753 11
4754 15
4755 13
4756 21
4757 15
4758 11
4759 9
4760 19
4761 6
4762 26
4763 18
4764 16
4765 24
4766 31
4767 14
4768 13
4769 12
4770 14
4771 18
4772 24
4773 16
4774 10
4775 14
4776 12
4777 12
4778 10
4779 15
4780 13
4781 12
4782 5
4783 25
4784 22
4785 9
4786 24
4787 23
4788 20
4789 10
4790 9
4791 22
4792 12
4793 14
4794 15
4795 16
4796 26
4797 11
4798 10
4799 12
4800 17
4801 12
4802 25
4803 24
4804 13
4805 10
4806 15
4807 8
4808 19
4809 7
4810 6
4811 16
4812 10
4813 9
4814 21
4815 28
4816 19
4817 19
4818 12
4819 16
4820 12
4821 18
4822 9
4823 12
4824 14
4825 10
4826 10
4827 12
4828 14
4829 15
4830 10
4831 12
4832 11
4833 7
4834 20
4835 17
4836 16
4837 12
4838 16
4839 10
4840 25
4841 18
4842 18
4843 7
4844 18
4845 24
4846 11
4847 16
4848 6
4849 16
4850 7
4851 20
4852 20
4853 11
4854 12
4855 17
4856 16
4857 13
4858 18
4859 10
4860 17
4861 18
4862 8
4863 14
4864 12
4865 7
4866 14
4867 14
4868 14
4869 19
4870 13
4871 23
4872 13
4873 14
4874 8
4875 9
4876 21
4877 8
4878 23
4879 11
4880 8
4881 15
4882 9
4883 8
4884 15
4885 18
4886 24
4887 16
4888 20
4889 10
4890 13
4891 13
4892 24
4893 19
4894 18
4895 22
4896 13
4897 12
4898 23
4899 17
4900 10
4901 15
4902 17
4903 13
4904 15
4905 10
4906 16
4907 12
4908 15
4909 12
4910 22
4911 8
4912 12
4913 22
4914 21
4915 10
4916 11
4917 9
4918 9
4919 7
4920 11
4921 16
4922 12
4923 28
4924 10
4925 15
4926 17
4927 18
4928 15
4929 17
4930 10
4931 18
4932 13
4933 11
4934 12
4935 23
4936 23
4937 12
4938 19
4939 13
4940 15
4941 13
4942 8
4943 11
4944 33
4945 26
4946 22
4947 20
4948 10
4949 19
4950 13
4951 20
4952 23
4953 11
4954 14
4955 26
4956 16
4957 12
4958 10
4959 28
4960 16
4961 25
4962 17
4963 11
4964 11
4965 14
4966 8
4967 17
4968 15
4969 17
4970 14
4971 11
4972 11
4973 11
4974 14
4975 24
4976 14
4977 17
4978 9
4979 12
4980 12
4981 19
4982 12
4983 20
4984 11
4985 21
4986 19
4987 16
4988 13
4989 13
4990 18
4991 10
4992 12
4993 28
4994 15
4995 10
4996 26
4997 10
4998 16
4999 12
5000 22
5001 32
5002 18
5003 15
5004 18
5005 7
5006 21
5007 9
5008 17
5009 12
5010 29
5011 13
5012 14
5013 16
5014 16
5015 16
5016 13
5017 13
5018 22
5019 9
5020 24
5021 14
5022 9
5023 18
5024 19
5025 13
5026 20
5027 22
5028 19
5029 16
5030 14
5031 20
5032 20
5033 22
5034 13
5035 30
5036 15
5037 21
5038 20
5039 11
5040 12
5041 23
5042 15
5043 11
5044 9
5045 12
5046 15
5047 28
5048 13
5049 30
5050 11
5051 21
5052 18
5053 13
5054 16
5055 29
5056 17
5057 11
5058 11
5059 11
5060 14
5061 11
5062 12
5063 20
5064 13
5065 10
5066 14
5067 39
5068 13
5069 17
5070 8
5071 19
5072 10
5073 19
5074 14
5075 24
5076 9
5077 12
5078 14
5079 12
5080 23
5081 24
5082 9
5083 11
5084 10
5085 17
5086 13
5087 11
5088 21
5089 11
5090 18
5091 8
5092 16
5093 25
5094 26
5095 20
5096 17
5097 8
5098 13
5099 14
5100 17
5101 16
5102 15
5103 12
5104 12
5105 14
5106 12
5107 21
5108 10
5109 11
5110 17
5111 11
5112 14
5113 9
5114 20
5115 22
5116 24
5117 28
5118 20
5119 21
5120 13
5121 15
5122 13
5123 8
5124 12
5125 11
5126 8
5127 10
5128 17
5129 13
5130 22
5131 26
5132 15
5133 8
5134 15
5135 15
5136 8
5137 10
5138 11
5139 7
5140 13
5141 25
5142 15
5143 9
5144 11
5145 14
5146 10
5147 15
5148 27
5149 14
5150 12
5151 13
5152 12
5153 22
5154 15
5155 12
5156 9
5157 12
5158 18
5159 15
5160 12
5161 12
5162 21
5163 15
5164 15
5165 16
5166 22
5167 10
5168 11
5169 8
5170 11
5171 20
5172 17
5173 17
5174 14
5175 23
5176 14
5177 13
5178 12
5179 9
5180 20
5181 18
5182 16
5183 27
5184 17
5185 10
5186 9
5187 20
5188 16
5189 15
5190 25
5191 24
5192 10
5193 15
5194 16
5195 14
5196 10
5197 16
5198 24
5199 8
5200 14
5201 13
5202 11
5203 14
5204 14
5205 14
5206 5
5207 16
5208 15
5209 18
5210 21
5211 20
5212 7
5213 17
5214 30
5215 18
5216 11
5217 12
5218 10
5219 16
5220 13
5221 14
5222 25
5223 9
5224 19
5225 11
5226 13
5227 23
5228 14
5229 11
5230 27
5231 18
5232 15
5233 22
5234 20
5235 20
5236 16
5237 15
5238 15
5239 10
5240 16
5241 15
5242 33
5243 17
5244 17
5245 16
5246 8
5247 12
5248 14
5249 26
5250 26
5251 16
5252 7
5253 16
5254 22
5255 10
5256 11
5257 13
5258 13
5259 17
5260 17
5261 14
5262 21
5263 14
5264 8
5265 10
5266 28
5267 18
5268 13
5269 24
5270 30
5271 14
5272 25
5273 14
5274 12
5275 26
5276 15
5277 11
5278 10
5279 9
5280 16
5281 23
5282 15
5283 12
5284 24
5285 12
5286 16
5287 26
5288 16
5289 18
5290 12
5291 10
5292 7
5293 11
5294 17
5295 24
5296 14
5297 27
5298 12
5299 14
5300 11
5301 6
5302 13
5303 9
5304 13
5305 18
5306 22
5307 15
5308 13
5309 13
5310 9
5311 20
5312 14
5313 10
5314 7
5315 24
5316 38
5317 13
5318 12
5319 16
5320 14
5321 15
5322 18
5323 20
5324 7
5325 14
5326 10
5327 6
5328 13
5329 9
5330 10
5331 13
5332 12
5333 22
5334 19
5335 11
5336 27
5337 13
5338 17
5339 12
5340 25
5341 18
5342 15
5343 11
5344 8
5345 22
5346 12
5347 22
5348 13
5349 9
5350 22
5351 24
5352 17
5353 26
5354 11
5355 11
5356 24
5357 21
5358 19
5359 9
5360 18
5361 26
5362 13
5363 13
5364 14
5365 29
5366 11
5367 12
5368 10
5369 10
5370 18
5371 12
5372 15
5373 7
5374 27
5375 30
5376 11
5377 21
5378 20
5379 15
5380 12
5381 7
5382 5
5383 9
5384 18
5385 8
5386 13
5387 9
5388 11
5389 17
5390 10
5391 14
5392 18
5393 12
5394 12
5395 17
5396 9
5397 14
5398 10
5399 17
5400 15
5401 18
5402 15
5403 15
5404 10
5405 9
5406 16
5407 9
5408 11
5409 16
5410 12
5411 21
5412 13
5413 25
5414 19
5415 18
5416 22
5417 15
5418 16
5419 15
5420 9
5421 11
5422 23
5423 20
5424 12
5425 21
5426 12
5427 13
5428 24
5429 14
5430 19
5431 18
5432 12
5433 16
5434 13
5435 11
5436 20
5437 21
5438 11
5439 14
5440 25
5441 14
5442 12
5443 13
5444 22
5445 15
5446 10
5447 14
5448 15
5449 14
5450 14
5451 15
5452 16
5453 8
5454 16
5455 9
5456 18
5457 12
5458 21
5459 22
5460 14
5461 12
5462 18
5463 10
5464 9
5465 9
5466 16
5467 17
5468 18
5469 16
5470 11
5471 27
5472 5
5473 18
5474 15
5475 25
5476 19
5477 23
5478 14
5479 18
5480 20
5481 9
5482 14
5483 19
5484 28
5485 9
5486 11
5487 19
5488 21
5489 11
5490 27
5491 23
5492 7
5493 18
5494 18
5495 13
5496 28
5497 20
5498 19
5499 18
5500 11
5501 10
5502 18
5503 23
5504 23
5505 10
5506 14
5507 8
5508 10
5509 9
5510 19
5511 18
5512 18
5513 28
5514 12
5515 8
5516 23
5517 17
5518 9
5519 12
5520 18
5521 11
5522 16
5523 15
5524 20
5525 20
5526 21
5527 30
5528 17
5529 16
5530 11
5531 6
5532 14
5533 9
5534 16
5535 10
5536 19
5537 24
5538 20
5539 13
5540 15
5541 11
5542 10
5543 13
5544 6
5545 9
5546 14
5547 17
5548 8
5549 22
5550 31
5551 10
5552 6
5553 11
5554 9
5555 7
5556 17
5557 5
5558 13
5559 13
5560 20
5561 18
5562 18
5563 12
5564 20
5565 22
5566 29
5567 11
5568 17
5569 20
5570 8
5571 24
5572 11
5573 11
5574 17
5575 14
5576 17
5577 8
5578 15
5579 19
5580 18
5581 30
5582 8
5583 12
5584 15
5585 28
5586 9
5587 7
5588 11
5589 12
5590 10
5591 17
5592 16
5593 13
5594 25
5595 24
5596 18
5597 9
5598 19
5599 18
5600 11
5601 15
5602 12
5603 10
5604 13
5605 13
5606 22
5607 11
5608 22
5609 13
5610 13
5611 10
5612 10
5613 10
5614 7
5615 17
5616 9
5617 17
5618 12
5619 15
5620 9
5621 9
5622 15
5623 5
5624 5
5625 10
5626 10
5627 15
5628 11
5629 10
5630 24
5631 34
5632 29
5633 8
5634 13
5635 19
5636 11
5637 14
5638 25
5639 16
5640 15
5641 18
5642 16
5643 9
5644 15
5645 11
5646 8
5647 13
5648 21
5649 20
5650 14
5651 22
5652 10
5653 12
5654 11
5655 18
5656 15
5657 23
5658 7
5659 7
5660 25
5661 9
5662 13
5663 19
5664 7
5665 22
5666 29
5667 16
5668 16
5669 11
5670 30
5671 6
5672 18
5673 18
5674 16
5675 17
5676 14
5677 19
5678 10
5679 14
5680 11
5681 21
5682 6
5683 13
5684 9
5685 10
5686 15
5687 18
5688 6
5689 14
5690 9
5691 15
5692 11
5693 14
5694 8
5695 26
5696 21
5697 19
5698 14
5699 8
5700 16
5701 10
5702 17
5703 27
5704 23
5705 7
5706 14
5707 8
5708 39
5709 7
5710 12
5711 17
5712 8
5713 13
5714 17
5715 13
5716 10
5717 8
5718 15
5719 19
5720 13
5721 18
5722 24
5723 28
5724 18
5725 20
5726 14
5727 13
5728 23
5729 11
5730 18
5731 16
5732 11
5733 22
5734 6
5735 28
5736 22
5737 10
5738 25
5739 19
5740 18
5741 9
5742 13
5743 12
5744 17
5745 14
5746 14
5747 14
5748 17
5749 12
5750 8
5751 33
5752 14
5753 15
5754 27
5755 15
5756 11
5757 18
5758 10
5759 31
5760 17
5761 20
5762 7
5763 13
5764 15
5765 14
5766 8
5767 12
5768 10
5769 26
5770 14
5771 25
5772 12
5773 11
5774 17
5775 22
5776 17
5777 24
5778 14
5779 11
5780 10
5781 13
5782 13
5783 8
5784 18
5785 13
5786 15
5787 9
5788 14
5789 19
5790 13
5791 10
5792 11
5793 23
5794 18
5795 24
5796 8
5797 12
5798 24
5799 8
5800 10
5801 14
5802 23
5803 24
5804 11
5805 11
5806 20
5807 10
5808 21
5809 8
5810 19
5811 14
5812 13
5813 17
5814 7
5815 7
5816 25
5817 24
5818 11
5819 16
5820 21
5821 13
5822 15
5823 21
5824 8
5825 15
5826 10
5827 19
5828 18
5829 9
5830 7
5831 9
5832 13
5833 9
5834 29
5835 19
5836 13
5837 16
5838 21
5839 17
5840 14
5841 13
5842 11
5843 16
5844 8
5845 13
5846 17
5847 10
5848 13
5849 13
5850 12
5851 9
5852 12
5853 8
5854 11
5855 11
5856 13
5857 9
5858 18
5859 10
5860 19
5861 14
5862 10
5863 18
5864 8
5865 15
5866 20
5867 11
5868 10
5869 9
5870 12
5871 16
5872 16
5873 4
5874 16
5875 8
5876 19
5877 15
5878 8
5879 17
5880 12
5881 13
5882 11
5883 14
5884 11
5885 11
5886 12
5887 22
5888 19
5889 19
5890 16
5891 10
5892 10
5893 14
5894 9
5895 8
5896 10
5897 10
5898 16
5899 17
5900 22
5901 11
5902 21
5903 18
5904 14
5905 12
5906 4
5907 7
5908 20
5909 10
5910 15
5911 7
5912 14
5913 19
5914 19
5915 16
5916 17
5917 7
5918 10
5919 16
5920 12
5921 15
5922 16
5923 10
5924 12
5925 12
5926 8
5927 19
5928 9
5929 15
5930 21
5931 18
5932 15
5933 13
5934 17
5935 14
5936 17
5937 10
5938 11
5939 17
5940 13
5941 11
5942 9
5943 8
5944 12
5945 11
5946 9
5947 17
5948 9
5949 17
5950 15
5951 14
5952 10
5953 7
5954 18
5955 15
5956 11
5957 20
5958 14
5959 10
5960 40
5961 18
5962 5
5963 12
5964 14
5965 21
5966 17
5967 18
5968 16
5969 26
5970 11
5971 15
5972 16
5973 12
5974 12
5975 19
5976 12
5977 8
5978 16
5979 17
5980 21
5981 9
5982 10
5983 15
5984 19
5985 19
5986 12
5987 13
5988 9
5989 13
5990 11
5991 18
5992 26
5993 12
5994 7
5995 7
5996 17
5997 12
5998 11
5999 22
6000 14
6001 18
6002 10
6003 13
6004 25
6005 14
6006 12
6007 16
6008 28
6009 14
6010 22
6011 21
6012 20
6013 16
6014 13
6015 21
6016 22
6017 16
6018 16
6019 11
6020 13
6021 17
6022 10
6023 16
6024 19
6025 16
6026 18
6027 23
6028 20
6029 13
6030 15
6031 17
6032 9
6033 19
6034 9
6035 5
6036 19
6037 13
6038 6
6039 30
6040 8
6041 15
6042 14
6043 15
6044 13
6045 15
6046 15
6047 11
6048 30
6049 14
6050 18
6051 17
6052 16
6053 7
6054 13
6055 15
6056 28
6057 26
6058 7
6059 14
6060 9
6061 12
6062 27
6063 17
6064 15
6065 18
6066 11
6067 19
6068 15
6069 22
6070 8
6071 22
6072 7
6073 24
6074 15
6075 29
6076 6
6077 11
6078 11
6079 20
6080 6
6081 15
6082 9
6083 11
6084 9
6085 10
6086 22
6087 14
6088 14
6089 21
6090 19
6091 21
6092 13
6093 15
6094 16
6095 14
6096 14
6097 6
6098 24
6099 20
6100 11
6101 17
6102 10
6103 16
6104 12
6105 16
6106 20
6107 13
6108 14
6109 11
6110 20
6111 22
6112 15
6113 23
6114 16
6115 16
6116 16
6117 8
6118 13
6119 16
6120 10
6121 18
6122 15
6123 10
6124 21
6125 14
6126 11
6127 17
6128 17
6129 14
6130 10
6131 19
6132 17
6133 16
6134 6
6135 19
6136 16
6137 10
6138 9
6139 13
6140 14
6141 17
6142 13
6143 11
6144 19
6145 18
6146 11
6147 11
6148 14
6149 8
6150 20
6151 20
6152 18
6153 11
6154 12
6155 11
6156 22
6157 17
6158 13
6159 15
6160 31
6161 16
6162 11
6163 26
6164 13
6165 13
6166 8
6167 10
6168 19
6169 13
6170 25
6171 17
6172 15
6173 16
6174 22
6175 11
6176 9
6177 10
6178 10
6179 21
6180 15
6181 10
6182 21
6183 16
6184 19
6185 21
6186 10
6187 20
6188 14
6189 8
6190 24
6191 16
6192 17
6193 18
6194 31
6195 7
6196 19
6197 11
6198 26
6199 19
6200 17
6201 16
6202 24
6203 18
6204 10
6205 14
6206 11
6207 27
6208 16
6209 16
6210 12
6211 11
6212 17
6213 21
6214 13
6215 20
6216 15
6217 12
6218 19
6219 8
6220 13
6221 13
6222 20
6223 12
6224 10
6225 15
6226 25
6227 16
6228 6
6229 17
6230 12
6231 17
6232 14
6233 9
6234 9
6235 17
6236 11
6237 11
6238 17
6239 12
6240 13
6241 15
6242 16
6243 29
6244 20
6245 12
6246 19
6247 17
6248 16
6249 16
6250 8
6251 19
6252 17
6253 13
6254 20
6255 14
6256 12
6257 9
6258 15
6259 30
6260 17
6261 35
6262 15
6263 11
6264 11
6265 21
6266 18
6267 18
6268 11
6269 17
6270 7
6271 22
6272 12
6273 15
6274 19
6275 21
6276 9
6277 16
6278 15
6279 16
6280 8
6281 12
6282 20
6283 19
6284 14
6285 25
6286 10
6287 18
6288 15
6289 12
6290 15
6291 12
6292 14
6293 17
6294 17
6295 12
6296 17
6297 9
6298 11
6299 7
6300 21
6301 9
6302 6
6303 23
6304 14
6305 12
6306 10
6307 24
6308 16
6309 11
6310 23
6311 11
6312 10
6313 13
6314 10
6315 16
6316 7
6317 16
6318 11
6319 13
6320 14
6321 18
6322 19
6323 14
6324 13
6325 26
6326 15
6327 9
6328 22
6329 12
6330 14
6331 16
6332 13
6333 17
6334 25
6335 23
6336 16
6337 20
6338 12
6339 18
6340 11
6341 15
6342 12
6343 11
6344 17
6345 17
6346 15
6347 6
6348 11
6349 23
6350 20
6351 18
6352 20
6353 10
6354 29
6355 13
6356 12
6357 10
6358 23
6359 13
6360 18
6361 23
6362 10
6363 15
6364 26
6365 20
6366 7
6367 10
6368 24
6369 31
6370 11
6371 8
6372 14
6373 11
6374 18
6375 17
6376 20
6377 17
6378 26
6379 11
6380 23
6381 7
6382 17
6383 11
6384 14
6385 13
6386 18
6387 21
6388 12
6389 16
6390 16
6391 21
6392 15
6393 21
6394 19
6395 11
6396 12
6397 9
6398 14
6399 8
6400 13
6401 10
6402 18
6403 12
6404 17
6405 21
6406 21
6407 9
6408 11
6409 9
6410 12
6411 6
6412 9
6413 18
6414 8
6415 14
6416 15
6417 14
6418 14
6419 14
6420 20
6421 6
6422 7
6423 24
6424 8
6425 15
6426 23
6427 13
6428 11
6429 20
6430 10
6431 19
6432 18
6433 25
6434 17
6435 19
6436 17
6437 15
6438 13
6439 11
6440 12
6441 8
6442 9
6443 8
6444 13
6445 5
6446 18
6447 18
6448 7
6449 7
6450 13
6451 11
6452 21
6453 18
6454 19
6455 9
6456 16
6457 12
6458 19
6459 9
6460 10
6461 12
6462 13
6463 19
6464 11
6465 9
6466 11
6467 13
6468 24
6469 17
6470 11
6471 9
6472 23
6473 16
6474 21
6475 14
6476 16
6477 11
6478 11
6479 12
6480 15
6481 9
6482 8
6483 9
6484 19
6485 7
6486 22
6487 6
6488 22
6489 15
6490 26
6491 24
6492 22
6493 12
6494 24
6495 18
6496 12
6497 21
6498 11
6499 17
6500 18
6501 17
6502 23
6503 16
6504 16
6505 27
6506 9
6507 7
6508 13
6509 9
6510 14
6511 9
6512 19
6513 17
6514 18
6515 14
6516 6
6517 8
6518 10
6519 17
6520 16
6521 16
6522 6
6523 19
6524 20
6525 10
6526 19
6527 17
6528 20
6529 8
6530 10
6531 14
6532 9
6533 8
6534 23
6535 15
6536 29
6537 7
6538 16
6539 17
6540 9
6541 14
6542 19
6543 3
6544 14
6545 8
6546 7
6547 12
6548 11
6549 13
6550 8
6551 12
6552 13
6553 10
6554 12
6555 20
6556 19
6557 14
6558 19
6559 7
6560 7
6561 12
6562 6
6563 5
6564 13
6565 11
6566 13
6567 12
6568 16
6569 10
6570 15
6571 25
6572 12
6573 17
6574 13
6575 11
6576 15
6577 17
6578 13
6579 16
6580 17
6581 12
6582 11
6583 10
6584 10
6585 8
6586 18
6587 13
6588 18
6589 6
6590 9
6591 6
6592 15
6593 10
6594 11
6595 18
6596 10
6597 10
6598 13
6599 18
6600 14
6601 16
6602 13
6603 15
6604 13
6605 13
6606 24
6607 13
6608 13
6609 23
6610 19
6611 9
6612 7
6613 25
6614 15
6615 13
6616 22
6617 12
6618 29
6619 9
6620 7
6621 15
6622 12
6623 27
6624 18
6625 13
6626 10
6627 15
6628 11
6629 24
6630 15
6631 17
6632 9
6633 15
6634 15
6635 10
6636 9
6637 14
6638 13
6639 10
6640 5
6641 14
6642 16
6643 15
6644 15
6645 11
6646 12
6647 23
6648 15
6649 13
6650 8
6651 19
6652 9
6653 12
6654 13
6655 8
6656 10
6657 14
6658 15
6659 11
6660 24
6661 12
6662 12
6663 19
6664 9
6665 22
6666 15
6667 10
6668 25
6669 17
6670 17
6671 21
6672 17
6673 11
6674 18
6675 22
6676 17
6677 11
6678 20
6679 7
6680 16
6681 18
6682 14
6683 17
6684 8
6685 12
6686 15
6687 11
6688 15
6689 15
6690 16
6691 34
6692 10
6693 14
6694 9
6695 15
6696 29
6697 16
6698 12
6699 16
6700 22
6701 14
6702 17
6703 17
6704 24
6705 17
6706 20
6707 12
6708 7
6709 6
6710 25
6711 10
6712 12
6713 11
6714 11
6715 25
6716 18
6717 13
6718 9
6719 22
6720 9
6721 8
6722 13
6723 18
6724 25
6725 18
6726 15
6727 25
6728 17
6729 18
6730 12
6731 25
6732 19
6733 16
6734 11
6735 10
6736 16
6737 12
6738 14
6739 14
6740 11
6741 18
6742 9
6743 12
6744 17
6745 14
6746 10
6747 23
6748 15
6749 11
6750 18
6751 24
6752 18
6753 30
6754 16
6755 29
6756 24
6757 13
6758 12
6759 15
6760 9
6761 11
6762 10
6763 16
6764 9
6765 18
6766 19
6767 10
6768 10
6769 15
6770 21
6771 9
6772 16
6773 9
6774 22
6775 13
6776 10
6777 10
6778 24
6779 12
6780 5
6781 13
6782 12
6783 24
6784 16
6785 19
6786 23
6787 10
6788 15
6789 12
6790 18
6791 8
6792 20
6793 12
6794 21
6795 14
6796 10
6797 17
6798 12
6799 14
6800 18
6801 10
6802 17
6803 17
6804 21
6805 7
6806 13
6807 7
6808 15
6809 22
6810 10
6811 17
6812 7
6813 11
6814 28
6815 23
6816 36
6817 20
6818 21
6819 14
6820 13
6821 8
6822 11
6823 15
6824 24
6825 33
6826 13
6827 15
6828 19
6829 17
6830 15
6831 12
6832 18
6833 10
6834 11
6835 12
6836 20
6837 10
6838 16
6839 18
6840 15
6841 17
6842 11
6843 13
6844 17
6845 22
6846 9
6847 13
6848 9
6849 13
6850 17
6851 14
6852 10
6853 10
6854 10
6855 9
6856 9
6857 10
6858 7
6859 10
6860 19
6861 16
6862 12
6863 18
6864 10
6865 12
6866 16
6867 11
6868 8
6869 21
6870 13
6871 13
6872 16
6873 8
6874 12
6875 13
6876 16
6877 17
6878 12
6879 11
6880 13
6881 9
6882 12
6883 14
6884 9
6885 18
6886 12
6887 25
6888 9
6889 23
6890 17
6891 12
6892 13
6893 6
6894 11
6895 21
6896 14
6897 18
6898 19
6899 13
6900 15
6901 22
6902 13
6903 13
6904 7
6905 32
6906 12
6907 13
6908 24
6909 23
6910 22
6911 21
6912 20
6913 20
6914 15
6915 14
6916 16
6917 8
6918 10
6919 7
6920 17
6921 7
6922 22
6923 12
6924 14
6925 24
6926 19
6927 9
6928 27
6929 13
6930 34
6931 23
6932 18
6933 18
6934 17
6935 7
6936 8
6937 13
6938 12
6939 17
6940 16
6941 11
6942 12
6943 20
6944 18
6945 15
6946 9
6947 14
6948 8
6949 11
6950 7
6951 19
6952 11
6953 17
6954 12
6955 17
6956 23
6957 23
6958 10
6959 8
6960 31
6961 13
6962 20
6963 12
6964 24
6965 20
6966 7
6967 20
6968 17
6969 16
6970 25
6971 15
6972 16
6973 9
6974 9
6975 30
6976 11
6977 19
6978 12
6979 12
6980 10
6981 12
6982 16
6983 14
6984 8
6985 9
6986 7
6987 10
6988 16
6989 16
6990 10
6991 18
6992 21
6993 13
6994 9
6995 16
6996 14
6997 19
6998 15
6999 10
7000 11
7001 19
7002 8
7003 15
7004 16
7005 16
7006 18
7007 11
7008 9
7009 16
7010 10
7011 12
7012 13
7013 16
7014 10
7015 8
7016 16
7017 7
7018 5
7019 14
7020 16
7021 14
7022 11
7023 17
7024 15
7025 18
7026 9
7027 17
7028 25
7029 11
7030 27
7031 12
7032 15
7033 7
7034 14
7035 18
7036 11
7037 15
7038 21
7039 15
7040 25
7041 15
7042 23
7043 8
7044 29
7045 19
7046 15
7047 15
7048 23
7049 16
7050 10
7051 10
7052 28
7053 13
7054 10
7055 13
7056 21
7057 22
7058 22
7059 15
7060 13
7061 25
7062 9
7063 11
7064 16
7065 15
7066 15
7067 22
7068 14
7069 12
7070 26
7071 18
7072 19
7073 22
7074 17
7075 15
7076 17
7077 18
7078 12
7079 13
7080 16
7081 17
7082 12
7083 21
7084 14
7085 11
7086 13
7087 14
7088 19
7089 10
7090 12
7091 11
7092 8
7093 13
7094 26
7095 12
7096 16
7097 19
7098 8
7099 33
7100 16
7101 22
7102 17
7103 13
7104 15
7105 16
7106 13
7107 14
7108 9
7109 19
7110 19
7111 19
7112 29
7113 13
7114 12
7115 9
7116 13
7117 14
7118 25
7119 13
7120 8
7121 30
7122 27
7123 15
7124 13
7125 14
7126 10
7127 13
7128 8
7129 19
7130 15
7131 13
7132 11
7133 17
7134 14
7135 15
7136 13
7137 9
7138 16
7139 10
7140 14
7141 10
7142 10
7143 16
7144 10
7145 9
7146 6
7147 11
7148 29
7149 10
7150 13
7151 35
7152 22
7153 10
7154 11
7155 27
7156 9
7157 13
7158 24
7159 18
7160 10
7161 23
7162 11
7163 11
7164 7
7165 18
7166 13
7167 11
7168 22
7169 18
7170 14
7171 7
7172 12
7173 18
7174 11
7175 17
7176 17
7177 27
7178 18
7179 20
7180 15
7181 12
7182 11
7183 22
7184 16
7185 14
7186 16
7187 21
7188 16
7189 18
7190 13
7191 11
7192 12
7193 14
7194 23
7195 13
7196 10
7197 16
7198 12
7199 12
7200 18
7201 18
7202 10
7203 9
7204 9
7205 10
7206 29
7207 11
7208 24
7209 16
7210 8
7211 15
7212 31
7213 12
7214 19
7215 6
7216 11
7217 27
7218 12
7219 18
7220 13
7221 11
7222 22
7223 15
7224 6
7225 15
7226 12
7227 9
7228 18
7229 18
7230 16
7231 19
7232 28
7233 10
7234 13
7235 19
7236 12
7237 15
7238 14
7239 16
7240 7
7241 21
7242 22
7243 11
7244 16
7245 15
7246 11
7247 19
7248 10
7249 11
7250 13
7251 20
7252 21
7253 22
7254 12
7255 13
7256 11
7257 17
7258 11
7259 31
7260 25
7261 13
7262 17
7263 20
7264 13
7265 9
7266 23
7267 13
7268 30
7269 17
7270 10
7271 33
7272 8
7273 9
7274 10
7275 9
7276 8
7277 10
7278 14
7279 33
7280 16
7281 17
7282 12
7283 24
7284 21
7285 13
7286 9
7287 21
7288 15
7289 10
7290 24
7291 23
7292 8
7293 14
7294 26
7295 21
7296 22
7297 15
7298 25
7299 29
7300 18
7301 19
7302 36
7303 6
7304 8
7305 15
7306 18
7307 18
7308 12
7309 17
7310 10
7311 10
7312 16
7313 21
7314 23
7315 6
7316 11
7317 13
7318 14
7319 30
7320 11
7321 7
7322 15
7323 9
7324 17
7325 11
7326 25
7327 19
7328 12
7329 9
7330 18
7331 15
7332 20
7333 12
7334 9
7335 14
7336 10
7337 21
7338 28
7339 12
7340 21
7341 18
7342 11
7343 9
7344 15
7345 20
7346 18
7347 11
7348 7
7349 12
7350 18
7351 22
7352 11
7353 12
7354 16
7355 7
7356 8
7357 25
7358 15
7359 18
7360 10
7361 18
7362 8
7363 11
7364 15
7365 25
7366 8
7367 9
7368 19
7369 23
7370 26
7371 12
7372 15
7373 11
7374 16
7375 13
7376 12
7377 25
7378 13
7379 6
7380 14
7381 18
7382 23
7383 9
7384 18
7385 19
7386 10
7387 22
7388 15
7389 12
7390 11
7391 8
7392 27
7393 16
7394 6
7395 12
7396 13
7397 16
7398 9
7399 17
7400 8
7401 20
7402 23
7403 14
7404 20
7405 13
7406 30
7407 10
7408 34
7409 7
7410 24
7411 23
7412 22
7413 16
7414 12
7415 11
7416 25
7417 7
7418 19
7419 13
7420 25
7421 15
7422 9
7423 14
7424 17
7425 15
7426 15
7427 22
7428 22
7429 13
7430 14
7431 11
7432 7
7433 17
7434 11
7435 16
7436 22
7437 17
7438 12
7439 12
7440 15
7441 13
7442 24
7443 15
7444 15
7445 22
7446 12
7447 23
7448 9
7449 10
7450 8
7451 25
7452 9
7453 12
7454 16
7455 24
7456 9
7457 16
7458 18
7459 16
7460 14
7461 15
7462 33
7463 10
7464 12
7465 8
7466 11
7467 20
7468 13
7469 21
7470 19
7471 8
7472 15
7473 17
7474 11
7475 17
7476 10
7477 19
7478 14
7479 7
7480 8
7481 13
7482 11
7483 10
7484 9
7485 18
7486 25
7487 26
7488 9
7489 19
7490 13
7491 14
7492 30
7493 9
7494 16
7495 26
7496 12
7497 12
7498 22
7499 16
7500 14
7501 12
7502 13
7503 16
7504 13
7505 17
7506 11
7507 9
7508 13
7509 13
7510 16
7511 12
7512 19
7513 16
7514 7
7515 10
7516 19
7517 31
7518 13
7519 7
7520 17
7521 9
7522 19
7523 21
7524 13
7525 13
7526 14
7527 20
7528 10
7529 17
7530 8
7531 32
7532 15
7533 18
7534 7
7535 25
7536 14
7537 14
7538 5
7539 9
7540 12
7541 14
7542 15
7543 9
7544 16
7545 27
7546 19
7547 11
7548 16
7549 17
7550 13
7551 7
7552 14
7553 14
7554 16
7555 16
7556 11
7557 9
7558 24
7559 39
7560 30
7561 13
7562 15
7563 24
7564 14
7565 12
7566 10
7567 13
7568 19
7569 26
7570 10
7571 8
7572 12
7573 11
7574 13
7575 8
7576 12
7577 14
7578 13
7579 13
7580 10
7581 16
7582 11
7583 10
7584 11
7585 19
7586 20
7587 15
7588 14
7589 18
7590 28
7591 12
7592 28
7593 10
7594 10
7595 12
7596 10
7597 9
7598 10
7599 14
7600 13
7601 6
7602 6
7603 22
7604 8
7605 11
7606 15
7607 18
7608 12
7609 25
7610 21
7611 12
7612 9
7613 15
7614 10
7615 18
7616 7
7617 8
7618 29
7619 18
7620 11
7621 13
7622 19
7623 6
7624 13
7625 16
7626 16
7627 20
7628 11
7629 11
7630 17
7631 13
7632 22
7633 6
7634 8
7635 13
7636 8
7637 15
7638 14
7639 25
7640 15
7641 13
7642 28
7643 18
7644 17
7645 12
7646 12
7647 9
7648 5
7649 12
7650 22
7651 19
7652 10
7653 16
7654 14
7655 9
7656 21
7657 10
7658 15
7659 9
7660 13
7661 14
7662 27
7663 15
7664 20
7665 10
7666 16
7667 11
7668 12
7669 24
7670 15
7671 7
7672 10
7673 13
7674 16
7675 17
7676 17
7677 18
7678 18
7679 10
7680 17
7681 11
7682 10
7683 10
7684 15
7685 11
7686 19
7687 20
7688 24
7689 14
7690 24
7691 7
7692 19
7693 12
7694 8
7695 20
7696 7
7697 8
7698 15
7699 13
7700 15
7701 9
7702 15
7703 21
7704 8
7705 9
7706 15
7707 13
7708 17
7709 12
7710 12
7711 12
7712 5
7713 10
7714 6
7715 20
7716 21
7717 9
7718 11
7719 13
7720 13
7721 19
7722 7
7723 12
7724 17
7725 15
7726 16
7727 13
7728 11
7729 18
7730 14
7731 13
7732 11
7733 8
7734 21
7735 11
7736 13
7737 16
7738 27
7739 12
7740 14
7741 16
7742 8
7743 16
7744 6
7745 13
7746 9
7747 23
7748 14
7749 14
7750 22
7751 11
7752 22
7753 8
7754 26
7755 12
7756 17
7757 14
7758 7
7759 22
7760 23
7761 21
7762 16
7763 12
7764 27
7765 9
7766 27
7767 13
7768 13
7769 10
7770 9
7771 15
7772 14
7773 18
7774 10
7775 10
7776 13
7777 13
7778 13
7779 16
7780 9
7781 10
7782 11
7783 17
7784 24
7785 18
7786 21
7787 19
7788 9
7789 13
7790 22
7791 8
7792 10
7793 16
7794 10
7795 22
7796 29
7797 16
7798 16
7799 16
7800 11
7801 17
7802 12
7803 6
7804 16
7805 11
7806 14
7807 16
7808 12
7809 24
7810 37
7811 18
7812 22
7813 26
7814 10
7815 17
7816 24
7817 24
7818 26
7819 16
7820 18
7821 11
7822 11
7823 12
7824 16
7825 11
7826 14
7827 14
7828 12
7829 14
7830 11
7831 10
7832 10
7833 14
7834 24
7835 16
7836 23
7837 22
7838 14
7839 18
7840 9
7841 10
7842 25
7843 10
7844 12
7845 15
7846 10
7847 25
7848 19
7849 21
7850 14
7851 10
7852 23
7853 23
7854 15
7855 18
7856 11
7857 15
7858 13
7859 14
7860 18
7861 21
7862 8
7863 10
7864 27
7865 11
7866 23
7867 20
7868 8
7869 14
7870 21
7871 14
7872 34
7873 12
7874 17
7875 18
7876 29
7877 17
7878 16
7879 7
7880 30
7881 9
7882 13
7883 22
7884 16
7885 14
7886 28
7887 18
7888 19
7889 24
7890 30
7891 17
7892 12
7893 13
7894 12
7895 15
7896 12
7897 18
7898 13
7899 17
7900 18
7901 15
7902 16
7903 14
7904 23
7905 15
7906 11
7907 25
7908 17
7909 20
7910 11
7911 13
7912 8
7913 18
7914 6
7915 14
7916 9
7917 13
7918 13
7919 9
7920 13
7921 14
7922 20
7923 19
7924 14
7925 8
7926 17
7927 19
7928 15
7929 17
7930 13
7931 12
7932 23
7933 16
7934 10
7935 17
7936 10
7937 19
7938 14
7939 16
7940 13
7941 17
7942 14
7943 5
7944 6
7945 10
7946 28
7947 7
7948 15
7949 16
7950 13
7951 16
7952 12
7953 27
7954 9
7955 22
7956 20
7957 11
7958 17
7959 28
7960 7
7961 27
7962 20
7963 20
7964 10
7965 16
7966 8
7967 12
7968 16
7969 22
7970 18
7971 10
7972 16
7973 22
7974 13
7975 16
7976 9
7977 16
7978 16
7979 8
7980 23
7981 15
7982 10
7983 13
7984 10
7985 18
7986 24
7987 10
7988 16
7989 12
7990 16
7991 23
7992 18
7993 15
7994 8
7995 16
7996 16
7997 16
7998 11
7999 23
8000 14
8001 23
8002 18
8003 18
8004 17
8005 16
8006 15
8007 13
8008 12
8009 13
8010 14
8011 12
8012 17
8013 11
8014 13
8015 14
8016 14
8017 9
8018 16
8019 10
8020 26
8021 5
8022 14
8023 13
8024 21
8025 11
8026 22
8027 13
8028 22
8029 15
8030 26
8031 19
8032 6
8033 6
8034 16
8035 22
8036 26
8037 23
8038 11
8039 17
8040 11
8041 10
8042 21
8043 12
8044 30
8045 22
8046 21
8047 13
8048 19
8049 19
8050 23
8051 26
8052 8
8053 11
8054 13
8055 19
8056 23
8057 17
8058 24
8059 16
8060 13
8061 16
8062 16
8063 9
8064 20
8065 13
8066 12
8067 19
8068 18
8069 8
8070 17
8071 25
8072 15
8073 31
8074 15
8075 36
8076 13
8077 22
8078 16
8079 10
8080 10
8081 9
8082 12
8083 15
8084 27
8085 23
8086 10
8087 28
8088 15
8089 9
8090 10
8091 12
8092 10
8093 19
8094 13
8095 17
8096 10
8097 8
8098 25
8099 22
8100 11
8101 22
8102 18
8103 7
8104 7
8105 20
8106 12
8107 17
8108 6
8109 15
8110 12
8111 13
8112 10
8113 7
8114 17
8115 12
8116 6
8117 22
8118 9
8119 15
8120 10
8121 25
8122 18
8123 24
8124 17
8125 10
8126 21
8127 18
8128 10
8129 11
8130 27
8131 9
8132 13
8133 22
8134 19
8135 22
8136 15
8137 14
8138 13
8139 7
8140 22
8141 11
8142 27
8143 11
8144 15
8145 19
8146 16
8147 10
8148 10
8149 17
8150 20
8151 22
8152 12
8153 20
8154 30
8155 16
8156 17
8157 12
8158 9
8159 11
8160 16
8161 15
8162 15
8163 22
8164 28
8165 11
8166 21
8167 17
8168 16
8169 15
8170 22
8171 17
8172 15
8173 18
8174 34
8175 19
8176 19
8177 14
8178 25
8179 10
8180 9
8181 7
8182 12
8183 11
8184 14
8185 21
8186 15
8187 29
8188 24
8189 11
8190 16
8191 20
8192 11
8193 15
8194 7
8195 9
8196 14
8197 9
8198 14
8199 16
8200 14
8201 16
8202 16
8203 6
8204 14
8205 16
8206 9
8207 16
8208 22
8209 14
8210 14
8211 14
8212 23
8213 7
8214 13
8215 12
8216 15
8217 13
8218 6
8219 11
8220 13
8221 16
8222 13
8223 13
8224 20
8225 14
8226 16
8227 19
8228 12
8229 15
8230 10
8231 22
8232 12
8233 20
8234 9
8235 13
8236 10
8237 19
8238 11
8239 12
8240 13
8241 21
8242 10
8243 14
8244 9
8245 13
8246 11
8247 12
8248 12
8249 13
8250 10
8251 16
8252 9
8253 15
8254 15
8255 16
8256 7
8257 17
8258 18
8259 25
8260 17
8261 11
8262 10
8263 29
8264 10
8265 10
8266 13
8267 20
8268 8
8269 16
8270 28
8271 22
8272 5
8273 14
8274 22
8275 7
8276 12
8277 10
8278 13
8279 17
8280 13
8281 26
8282 19
8283 11
8284 16
8285 18
8286 12
8287 15
8288 14
8289 21
8290 14
8291 18
8292 12
8293 14
8294 13
8295 13
8296 17
8297 11
8298 24
8299 12
8300 22
8301 6
8302 7
8303 17
8304 7
8305 18
8306 15
8307 10
8308 20
8309 11
8310 11
8311 12
8312 18
8313 11
8314 11
8315 20
8316 8
8317 11
8318 14
8319 18
8320 13
8321 26
8322 17
8323 13
8324 22
8325 29
8326 15
8327 12
8328 14
8329 14
8330 13
8331 15
8332 25
8333 11
8334 20
8335 14
8336 21
8337 7
8338 16
8339 13
8340 9
8341 21
8342 15
8343 13
8344 15
8345 20
8346 18
8347 9
8348 9
8349 11
8350 18
8351 13
8352 9
8353 17
8354 11
8355 6
8356 18
8357 18
8358 10
8359 13
8360 13
8361 18
8362 18
8363 22
8364 16
8365 17
8366 19
8367 19
8368 17
8369 9
8370 11
8371 12
8372 22
8373 20
8374 16
8375 27
8376 17
8377 8
8378 11
8379 22
8380 10
8381 18
8382 8
8383 26
8384 24
8385 19
8386 21
8387 16
8388 10
8389 11
8390 13
8391 12
8392 18
8393 21
8394 21
8395 17
8396 21
8397 14
8398 21
8399 11
8400 6
8401 12
8402 17
8403 7
8404 11
8405 14
8406 11
8407 23
8408 11
8409 12
8410 16
8411 13
8412 19
8413 21
8414 14
8415 10
8416 9
8417 18
8418 24
8419 10
8420 14
8421 30
8422 15
8423 8
8424 8
8425 12
8426 13
8427 24
8428 16
8429 13
8430 11
8431 19
8432 20
8433 16
8434 9
8435 19
8436 23
8437 17
8438 14
8439 10
8440 15
8441 16
8442 11
8443 10
8444 8
8445 15
8446 9
8447 13
8448 19
8449 12
8450 18
8451 12
8452 13
8453 9
8454 16
8455 27
8456 14
8457 10
8458 19
8459 17
8460 8
8461 11
8462 12
8463 9
8464 9
8465 11
8466 27
8467 11
8468 18
8469 17
8470 18
8471 8
8472 42
8473 21
8474 16
8475 13
8476 10
8477 31
8478 20
8479 7
8480 10
8481 8
8482 10
8483 21
8484 21
8485 8
8486 12
8487 16
8488 9
8489 13
8490 18
8491 7
8492 22
8493 25
8494 13
8495 15
8496 17
8497 15
8498 7
8499 17
8500 18
8501 17
8502 10
8503 25
8504 21
8505 18
8506 16
8507 12
8508 26
8509 18
8510 12
8511 17
8512 11
8513 15
8514 16
8515 14
8516 13
8517 19
8518 31
8519 13
8520 12
8521 24
8522 15
8523 16
8524 19
8525 19
8526 26
8527 14
8528 10
8529 7
8530 16
8531 18
8532 10
8533 11
8534 6
8535 12
8536 8
8537 19
8538 9
8539 16
8540 12
8541 24
8542 21
8543 13
8544 12
8545 8
8546 18
8547 15
8548 15
8549 21
8550 21
8551 14
8552 6
8553 20
8554 19
8555 26
8556 16
8557 11
8558 11
8559 10
8560 15
8561 16
8562 8
8563 30
8564 11
8565 11
8566 14
8567 26
8568 16
8569 13
8570 16
8571 15
8572 18
8573 15
8574 21
8575 8
8576 19
8577 12
8578 8
8579 18
8580 13
8581 12
8582 12
8583 15
8584 20
8585 11
8586 8
8587 22
8588 11
8589 15
8590 10
8591 17
8592 19
8593 17
8594 10
8595 11
8596 8
8597 15
8598 10
8599 12
8600 4
8601 15
8602 31
8603 15
8604 9
8605 13
8606 20
8607 8
8608 7
8609 11
8610 15
8611 15
8612 21
8613 10
8614 26
8615 12
8616 20
8617 17
8618 14
8619 20
8620 9
8621 17
8622 22
8623 11
8624 26
8625 31
8626 14
8627 21
8628 15
8629 22
8630 12
8631 10
8632 11
8633 26
8634 7
8635 12
8636 16
8637 9
8638 19
8639 10
8640 16
8641 19
8642 18
8643 11
8644 14
8645 20
8646 10
8647 16
8648 15
8649 12
8650 17
8651 13
8652 16
8653 15
8654 20
8655 8
8656 21
8657 12
8658 12
8659 19
8660 11
8661 19
8662 12
8663 5
8664 21
8665 19
8666 9
8667 18
8668 7
8669 23
8670 23
8671 23
8672 27
8673 9
8674 10
8675 19
8676 16
8677 18
8678 19
8679 13
8680 12
8681 18
8682 11
8683 10
8684 20
8685 9
8686 9
8687 17
8688 14
8689 20
8690 22
8691 14
8692 17
8693 14
8694 18
8695 16
8696 23
8697 16
8698 28
8699 13
8700 13
8701 19
8702 15
8703 14
8704 14
8705 8
8706 20
8707 22
8708 8
8709 13
8710 12
8711 30
8712 12
8713 11
8714 9
8715 24
8716 10
8717 16
8718 12
8719 21
8720 7
8721 11
8722 11
8723 12
8724 14
8725 18
8726 10
8727 7
8728 19
8729 28
8730 13
8731 10
8732 16
8733 15
8734 13
8735 13
8736 18
8737 24
8738 29
8739 16
8740 20
8741 15
8742 9
8743 8
8744 13
8745 11
8746 11
8747 9
8748 13
8749 9
8750 17
8751 17
8752 9
8753 17
8754 10
8755 18
8756 16
8757 11
8758 20
8759 15
8760 11
8761 17
8762 8
8763 15
8764 13
8765 17
8766 8
8767 17
8768 14
8769 20
8770 26
8771 6
8772 17
8773 12
8774 11
8775 9
8776 25
8777 20
8778 12
8779 15
8780 13
8781 12
8782 21
8783 23
8784 18
8785 16
8786 12
8787 15
8788 10
8789 19
8790 17
8791 10
8792 13
8793 28
8794 16
8795 19
8796 30
8797 13
8798 10
8799 13
8800 26
8801 20
8802 9
8803 23
8804 16
8805 22
8806 10
8807 12
8808 25
8809 12
8810 9
8811 22
8812 15
8813 18
8814 21
8815 24
8816 10
8817 21
8818 15
8819 12
8820 11
8821 9
8822 16
8823 15
8824 20
8825 8
8826 14
8827 9
8828 14
8829 11
8830 17
8831 11
8832 7
8833 16
8834 16
8835 18
8836 13
8837 14
8838 9
8839 12
8840 13
8841 8
8842 15
8843 24
8844 4
8845 17
8846 20
8847 16
8848 16
8849 12
8850 24
8851 14
8852 10
8853 9
8854 13
8855 14
8856 19
8857 15
8858 18
8859 8
8860 8
8861 11
8862 23
8863 17
8864 13
8865 17
8866 21
8867 27
8868 13
8869 13
8870 18
8871 13
8872 10
8873 20
8874 17
8875 18
8876 8
8877 12
8878 15
8879 12
8880 11
8881 20
8882 21
8883 15
8884 8
8885 12
8886 17
8887 16
8888 15
8889 9
8890 12
8891 21
8892 11
8893 20
8894 20
8895 11
8896 23
8897 8
8898 9
8899 12
8900 17
8901 23
8902 8
8903 12
8904 13
8905 23
8906 11
8907 10
8908 20
8909 17
8910 39
8911 12
8912 13
8913 20
8914 24
8915 17
8916 23
8917 21
8918 12
8919 10
8920 23
8921 20
8922 12
8923 20
8924 21
8925 15
8926 11
8927 17
8928 17
8929 14
8930 9
8931 8
8932 8
8933 15
8934 10
8935 15
8936 16
8937 12
8938 8
8939 13
8940 9
8941 11
8942 11
8943 16
8944 21
8945 21
8946 20
8947 25
8948 21
8949 23
8950 16
8951 7
8952 12
8953 7
8954 11
8955 9
8956 18
8957 13
8958 12
8959 21
8960 22
8961 8
8962 10
8963 18
8964 17
8965 13
8966 11
8967 12
8968 16
8969 11
8970 13
8971 14
8972 13
8973 22
8974 14
8975 9
8976 19
8977 14
8978 8
8979 9
8980 17
8981 27
8982 26
8983 8
8984 5
8985 10
8986 15
8987 13
8988 16
8989 13
8990 9
8991 12
8992 16
8993 13
8994 11
8995 13
8996 9
8997 14
8998 11
8999 26
9000 10
9001 21
9002 25
9003 11
9004 19
9005 21
9006 17
9007 13
9008 13
9009 25
9010 22
9011 21
9012 9
9013 12
9014 13
9015 11
9016 16
9017 12
9018 15
9019 32
9020 12
9021 12
9022 28
9023 14
9024 7
9025 12
9026 15
9027 32
9028 10
9029 13
9030 16
9031 10
9032 20
9033 10
9034 14
9035 17
9036 9
9037 12
9038 19
9039 11
9040 28
9041 11
9042 29
9043 13
9044 14
9045 13
9046 18
9047 12
9048 31
9049 13
9050 18
9051 14
9052 21
9053 8
9054 14
9055 16
9056 13
9057 20
9058 13
9059 12
9060 11
9061 21
9062 22
9063 11
9064 13
9065 13
9066 9
9067 10
9068 13
9069 24
9070 10
9071 23
9072 20
9073 14
9074 13
9075 10
9076 7
9077 17
9078 12
9079 12
9080 13
9081 7
9082 8
9083 11
9084 8
9085 13
9086 15
9087 14
9088 22
9089 25
9090 28
9091 19
9092 15
9093 9
9094 15
9095 10
9096 20
9097 29
9098 20
9099 17
9100 12
9101 12
9102 10
9103 10
9104 14
9105 13
9106 12
9107 16
9108 5
9109 22
9110 22
9111 12
9112 8
9113 15
9114 13
9115 20
9116 18
9117 11
9118 14
9119 8
9120 20
9121 11
9122 17
9123 14
9124 12
9125 13
9126 12
9127 10
9128 13
9129 8
9130 22
9131 21
9132 14
9133 20
9134 28
9135 14
9136 18
9137 13
9138 11
9139 19
9140 9
9141 26
9142 14
9143 17
9144 14
9145 21
9146 17
9147 14
9148 11
9149 18
9150 12
9151 22
9152 14
9153 12
9154 16
9155 21
9156 9
9157 8
9158 22
9159 12
9160 9
9161 14
9162 12
9163 15
9164 26
9165 20
9166 12
9167 14
9168 11
9169 12
9170 15
9171 13
9172 13
9173 15
9174 23
9175 6
9176 17
9177 10
9178 18
9179 23
9180 25
9181 18
9182 15
9183 15
9184 14
9185 18
9186 14
9187 18
9188 10
9189 15
9190 15
9191 24
9192 12
9193 14
9194 12
9195 11
9196 10
9197 12
9198 16
9199 13
9200 13
9201 10
9202 19
9203 32
9204 28
9205 14
9206 14
9207 13
9208 8
9209 18
9210 15
9211 20
9212 21
9213 12
9214 19
9215 12
9216 13
9217 10
9218 13
9219 20
9220 15
9221 13
9222 22
9223 16
9224 7
9225 10
9226 15
9227 19
9228 14
9229 14
9230 37
9231 14
9232 11
9233 24
9234 15
9235 15
9236 17
9237 9
9238 12
9239 12
9240 11
9241 8
9242 17
9243 11
9244 8
9245 9
9246 19
9247 12
9248 14
9249 18
9250 10
9251 28
9252 12
9253 7
9254 10
9255 13
9256 23
9257 9
9258 11
9259 9
9260 15
9261 22
9262 15
9263 11
9264 23
9265 9
9266 19
9267 17
9268 12
9269 14
9270 18
9271 15
9272 21
9273 17
9274 12
9275 12
9276 13
9277 15
9278 8
9279 10
9280 9
9281 13
9282 19
9283 17
9284 13
9285 14
9286 11
9287 11
9288 8
9289 8
9290 13
9291 9
9292 17
9293 10
9294 16
9295 24
9296 13
9297 15
9298 18
9299 13
9300 16
9301 20
9302 24
9303 18
9304 17
9305 13
9306 16
9307 13
9308 17
9309 9
9310 22
9311 12
9312 21
9313 18
9314 18
9315 12
9316 5
9317 17
9318 13
9319 11
9320 10
9321 31
9322 16
9323 22
9324 11
9325 8
9326 12
9327 14
9328 20
9329 9
9330 20
9331 21
9332 14
9333 16
9334 22
9335 5
9336 13
9337 13
9338 9
9339 8
9340 10
9341 11
9342 16
9343 31
9344 17
9345 7
9346 15
9347 17
9348 23
9349 13
9350 9
9351 19
9352 14
9353 29
9354 14
9355 29
9356 18
9357 13
9358 16
9359 33
9360 23
9361 17
9362 14
9363 23
9364 12
9365 16
9366 14
9367 11
9368 13
9369 22
9370 25
9371 12
9372 8
9373 8
9374 16
9375 13
9376 12
9377 14
9378 15
9379 11
9380 22
9381 20
9382 12
9383 18
9384 11
9385 25
9386 15
9387 22
9388 17
9389 15
9390 14
9391 15
9392 11
9393 13
9394 9
9395 21
9396 20
9397 7
9398 6
9399 17
9400 10
9401 18
9402 9
9403 16
9404 18
9405 9
9406 15
9407 11
9408 8
9409 21
9410 8
9411 7
9412 8
9413 13
9414 16
9415 11
9416 10
9417 26
9418 15
9419 11
9420 11
9421 7
9422 11
9423 10
9424 20
9425 30
9426 23
9427 11
9428 9
9429 23
9430 9
9431 23
9432 20
9433 6
9434 11
9435 23
9436 22
9437 11
9438 30
9439 19
9440 16
9441 14
9442 22
9443 14
9444 16
9445 10
9446 20
9447 18
9448 15
9449 16
9450 16
9451 22
9452 25
9453 20
9454 8
9455 13
9456 15
9457 24
9458 14
9459 13
9460 15
9461 16
9462 17
9463 19
9464 26
9465 17
9466 18
9467 24
9468 12
9469 16
9470 8
9471 13
9472 9
9473 15
9474 9
9475 11
9476 21
9477 10
9478 11
9479 20
9480 10
9481 12
9482 19
9483 23
9484 7
9485 13
9486 23
9487 16
9488 16
9489 15
9490 13
9491 14
9492 17
9493 24
9494 21
9495 9
9496 7
9497 11
9498 19
9499 12
9500 26
9501 7
9502 16
9503 19
9504 16
9505 14
9506 10
9507 17
9508 19
9509 13
9510 11
9511 10
9512 9
9513 24
9514 18
9515 16
9516 10
9517 15
9518 21
9519 20
9520 16
9521 12
9522 18
9523 6
9524 13
9525 23
9526 15
9527 17
9528 26
9529 9
9530 13
9531 15
9532 18
9533 8
9534 34
9535 6
9536 26
9537 22
9538 14
9539 16
9540 17
9541 19
9542 21
9543 12
9544 11
9545 11
9546 20
9547 12
9548 17
9549 11
9550 24
9551 11
9552 16
9553 10
9554 16
9555 14
9556 7
9557 8
9558 13
9559 21
9560 31
9561 13
9562 7
9563 35
9564 10
9565 13
9566 19
9567 8
9568 12
9569 5
9570 21
9571 16
9572 30
9573 25
9574 12
9575 11
9576 7
9577 10
9578 16
9579 13
9580 15
9581 9
9582 14
9583 18
9584 13
9585 13
9586 11
9587 11
9588 14
9589 9
9590 20
9591 20
9592 11
9593 22
9594 18
9595 20
9596 23
9597 11
9598 22
9599 15
9600 15
9601 13
9602 14
9603 24
9604 21
9605 18
9606 15
9607 19
9608 9
9609 15
9610 18
9611 18
9612 16
9613 16
9614 16
9615 12
9616 13
9617 8
9618 6
9619 14
9620 19
9621 13
9622 16
9623 18
9624 11
9625 18
9626 12
9627 7
9628 12
9629 13
9630 10
9631 8
9632 23
9633 21
9634 12
9635 14
9636 7
9637 13
9638 12
9639 11
9640 15
9641 10
9642 14
9643 10
9644 7
9645 5
9646 17
9647 21
9648 12
9649 18
9650 31
9651 18
9652 13
9653 14
9654 11
9655 13
9656 10
9657 18
9658 25
9659 21
9660 6
9661 13
9662 23
9663 28
9664 19
9665 13
9666 7
9667 13
9668 14
9669 19
9670 19
9671 31
9672 17
9673 10
9674 14
9675 22
9676 14
9677 17
9678 10
9679 25
9680 17
9681 6
9682 11
9683 18
9684 16
9685 23
9686 20
9687 36
9688 17
9689 10
9690 10
9691 13
9692 9
9693 15
9694 14
9695 10
9696 9
9697 15
9698 12
9699 10
9700 13
9701 15
9702 22
9703 15
9704 19
9705 14
9706 11
9707 32
9708 19
9709 15
9710 19
9711 16
9712 11
9713 14
9714 21
9715 14
9716 9
9717 10
9718 11
9719 16
9720 33
9721 18
9722 21
9723 14
9724 9
9725 10
9726 20
9727 14
9728 18
9729 11
9730 12
9731 13
9732 14
9733 16
9734 6
9735 20
9736 19
9737 5
9738 17
9739 13
9740 19
9741 17
9742 16
9743 17
9744 26
9745 21
9746 11
9747 9
9748 11
9749 17
9750 13
9751 18
9752 14
9753 14
9754 9
9755 21
9756 18
9757 15
9758 8
9759 12
9760 8
9761 26
9762 16
9763 12
9764 19
9765 17
9766 20
9767 16
9768 11
9769 18
9770 11
9771 12
9772 27
9773 17
9774 15
9775 10
9776 9
9777 12
9778 13
9779 22
9780 11
9781 18
9782 26
9783 13
9784 20
9785 19
9786 11
9787 12
9788 18
9789 12
9790 18
9791 7
9792 19
9793 21
9794 11
9795 14
9796 12
9797 15
9798 10
9799 13
9800 18
9801 9
9802 14
9803 17
9804 13
9805 9
9806 15
9807 12
9808 15
9809 9
9810 16
9811 25
9812 22
9813 27
9814 14
9815 6
9816 8
9817 25
9818 14
9819 12
9820 7
9821 23
9822 14
9823 5
9824 18
9825 17
9826 15
9827 18
9828 16
9829 27
9830 15
9831 18
9832 7
9833 26
9834 13
9835 8
9836 15
9837 21
9838 10
9839 11
9840 17
9841 13
9842 19
9843 11
9844 11
9845 9
9846 21
9847 14
9848 14
9849 26
9850 14
9851 11
9852 23
9853 15
9854 28
9855 13
9856 13
9857 11
9858 22
9859 19
9860 13
9861 24
9862 16
9863 21
9864 23
9865 16
9866 13
9867 17
9868 20
9869 17
9870 17
9871 10
9872 16
9873 15
9874 22
9875 10
9876 25
9877 14
9878 21
9879 11
9880 17
9881 8
9882 10
9883 20
9884 19
9885 8
9886 17
9887 11
9888 7
9889 24
9890 20
9891 11
9892 21
9893 17
9894 12
9895 19
9896 12
9897 24
9898 10
9899 30
9900 15
9901 22
9902 17
9903 14
9904 22
9905 13
9906 28
9907 12
9908 23
9909 9
9910 20
9911 12
9912 18
9913 12
9914 14
9915 18
9916 25
9917 6
9918 13
9919 17
9920 9
9921 8
9922 7
9923 10
9924 12
9925 27
9926 10
9927 17
9928 13
9929 18
9930 21
9931 22
9932 21
9933 9
9934 18
9935 13
9936 13
9937 16
9938 14
9939 23
9940 9
9941 15
9942 26
9943 20
9944 19
9945 8
9946 13
9947 15
9948 11
9949 13
9950 13
9951 15
9952 10
9953 16
9954 10
9955 13
9956 10
9957 19
9958 13
9959 11
9960 12
9961 24
9962 11
9963 21
9964 10
9965 27
9966 17
9967 18
9968 13
9969 30
9970 16
9971 13
9972 21
9973 18
9974 10
9975 13
9976 6
9977 22
9978 26
9979 5
9980 18
9981 17
9982 16
9983 17
9984 16
9985 11
9986 12
9987 11
9988 20
9989 18
9990 22
9991 13
9992 13
9993 11
9994 18
9995 8
9996 13
9997 11
9998 20
9999 28
10000 13
10001 7
10002 16
10003 19
10004 14
10005 11
10006 33
10007 17
10008 21
10009 25
10010 17
10011 20
10012 19
10013 22
10014 14
10015 18
10016 18
10017 12
10018 14
10019 21
10020 13
10021 19
10022 21
10023 12
10024 14
10025 16
10026 28
10027 14
10028 21
10029 11
10030 21
10031 13
10032 27
10033 10
10034 15
10035 11
10036 14
10037 14
10038 16
10039 21
10040 14
10041 17
10042 13
10043 16
10044 11
10045 15
10046 18
10047 24
10048 15
10049 8
10050 9
10051 11
10052 17
10053 11
10054 16
10055 23
10056 15
10057 7
10058 14
10059 13
10060 25
10061 27
10062 11
10063 18
10064 8
10065 20
10066 25
10067 21
10068 6
10069 10
10070 12
10071 19
10072 10
10073 10
10074 24
10075 22
10076 11
10077 19
10078 23
10079 15
10080 15
10081 13
10082 15
10083 18
10084 20
10085 14
10086 18
10087 17
10088 13
10089 8
10090 9
10091 14
10092 9
10093 20
10094 15
10095 23
10096 23
10097 17
10098 16
10099 14
10100 23
10101 12
10102 14
10103 11
10104 11
10105 11
10106 9
10107 22
10108 19
10109 12
10110 17
10111 17
10112 10
10113 20
10114 17
10115 29
10116 27
10117 11
10118 24
10119 25
10120 14
10121 29
10122 10
10123 20
10124 23
10125 11
10126 24
10127 21
10128 19
10129 18
10130 19
10131 18
10132 20
10133 9
10134 21
10135 13
10136 20
10137 17
10138 13
10139 18
10140 15
10141 14
10142 28
10143 16
10144 22
10145 10
10146 17
10147 32
10148 18
10149 8
10150 11
10151 6
10152 12
10153 10
10154 12
10155 25
10156 17
10157 26
10158 12
10159 20
10160 11
10161 22
10162 28
10163 23
10164 19
10165 13
10166 13
10167 11
10168 11
10169 18
10170 21
10171 18
10172 22
10173 21
10174 10
10175 11
10176 15
10177 21
10178 23
10179 17
10180 12
10181 20
10182 11
10183 13
10184 9
10185 10
10186 12
10187 11
10188 13
10189 24
10190 26
10191 19
10192 9
10193 17
10194 16
10195 9
10196 12
10197 11
10198 23
10199 10
10200 17
10201 15
10202 11
10203 12
10204 8
10205 12
10206 12
10207 17
10208 15
10209 10
10210 12
10211 16
10212 23
10213 10
10214 9
10215 11
10216 20
10217 17
10218 12
10219 9
10220 19
10221 10
10222 16
10223 15
10224 16
10225 15
10226 21
10227 21
10228 27
10229 9
10230 7
10231 15
10232 17
10233 14
10234 31
10235 16
10236 11
10237 19
10238 28
10239 22
10240 19
10241 17
10242 17
10243 14
10244 10
10245 16
10246 14
10247 7
10248 4
10249 20
10250 12
10251 11
10252 18
10253 12
10254 8
10255 24
10256 14
10257 24
10258 13
10259 13
10260 17
10261 21
10262 10
10263 10
10264 8
10265 16
10266 10
10267 10
10268 8
10269 9
10270 15
10271 14
10272 25
10273 11
10274 4
10275 13
10276 17
10277 10
10278 12
10279 11
10280 26
10281 19
10282 11
10283 10
10284 15
10285 25
10286 5
10287 8
10288 21
10289 10
10290 29
10291 19
10292 21
10293 12
10294 21
10295 12
10296 14
10297 15
10298 24
10299 23
10300 17
10301 19
10302 16
10303 13
10304 15
10305 13
10306 20
10307 16
10308 20
10309 25
10310 9
10311 21
10312 16
10313 10
10314 18
10315 13
10316 11
10317 15
10318 15
10319 15
10320 23
10321 9
10322 17
10323 15
10324 20
10325 16
10326 15
10327 16
10328 12
10329 8
10330 13
10331 12
10332 7
10333 7
10334 6
10335 7
10336 13
10337 15
10338 34
10339 8
10340 12
10341 26
10342 7
10343 20
10344 9
10345 16
10346 13
10347 8
10348 9
10349 14
10350 23
10351 21
10352 16
10353 19
10354 18
10355 20
10356 8
10357 22
10358 19
10359 22
10360 11
10361 20
10362 18
10363 17
10364 22
10365 16
10366 15
10367 7
10368 13
10369 14
10370 9
10371 7
10372 10
10373 9
10374 13
10375 12
10376 10
10377 11
10378 8
10379 26
10380 11
10381 19
10382 11
10383 15
10384 18
10385 16
10386 13
10387 13
10388 12
10389 23
10390 16
10391 14
10392 15
10393 6
10394 14
10395 10
10396 17
10397 12
10398 9
10399 10
10400 14
10401 12
10402 9
10403 12
10404 13
10405 9
10406 20
10407 20
10408 18
10409 12
10410 8
10411 19
10412 16
10413 12
10414 8
10415 22
10416 16
10417 10
10418 27
10419 15
10420 22
10421 14
10422 11
10423 21
10424 14
10425 10
10426 20
10427 17
10428 9
10429 13
10430 11
10431 8
10432 13
10433 13
10434 16
10435 18
10436 17
10437 21
10438 9
10439 22
10440 12
10441 13
10442 19
10443 15
10444 14
10445 15
10446 18
10447 10
10448 12
10449 27
10450 11
10451 10
10452 19
10453 17
10454 10
10455 13
10456 16
10457 23
10458 31
10459 11
10460 14
10461 13
10462 29
10463 12
10464 18
10465 8
10466 17
10467 13
10468 5
10469 13
10470 28
10471 24
10472 18
10473 14
10474 26
10475 12
10476 22
10477 16
10478 9
10479 16
10480 10
10481 27
10482 15
10483 18
10484 11
10485 16
10486 11
10487 14
10488 6
10489 11
10490 16
10491 8
10492 12
10493 12
10494 7
10495 9
10496 12
10497 14
10498 12
10499 24
10500 26
10501 14
10502 18
10503 22
10504 11
10505 18
10506 15
10507 14
10508 20
10509 12
10510 12
10511 19
10512 30
10513 12
10514 20
10515 12
10516 12
10517 21
10518 10
10519 13
10520 20
10521 27
10522 10
10523 11
10524 13
10525 21
10526 28
10527 20
10528 12
10529 17
10530 16
10531 18
10532 37
10533 23
10534 14
10535 19
10536 10
10537 21
10538 10
10539 14
10540 12
10541 10
10542 15
10543 20
10544 10
10545 6
10546 18
10547 45
10548 19
10549 11
10550 18
10551 24
10552 25
10553 12
10554 21
10555 15
10556 12
10557 6
10558 15
10559 14
10560 23
10561 22
10562 8
10563 15
10564 9
10565 9
10566 19
10567 11
10568 13
10569 12
10570 14
10571 14
10572 23
10573 10
10574 14
10575 21
10576 15
10577 7
10578 9
10579 12
10580 10
10581 19
10582 11
10583 12
10584 10
10585 20
10586 22
10587 10
10588 11
10589 27
10590 20
10591 21
10592 11
10593 17
10594 9
10595 14
10596 10
10597 11
10598 18
10599 20
10600 12
10601 14
10602 27
10603 8
10604 16
10605 13
10606 11
10607 9
10608 10
10609 23
10610 13
10611 12
10612 16
10613 19
10614 16
10615 16
10616 12
10617 9
10618 5
10619 11
10620 17
10621 11
10622 8
10623 8
10624 39
10625 19
10626 31
10627 32
10628 15
10629 10
10630 9
10631 5
10632 12
10633 20
10634 14
10635 14
10636 20
10637 23
10638 17
10639 14
10640 11
10641 16
10642 14
10643 18
10644 9
10645 13
10646 20
10647 9
10648 11
10649 15
10650 17
10651 6
10652 10
10653 17
10654 13
10655 19
10656 20
10657 15
10658 8
10659 25
10660 16
10661 11
10662 18
10663 7
10664 17
10665 9
10666 11
10667 16
10668 28
10669 9
10670 13
10671 12
10672 9
10673 20
10674 26
10675 9
10676 17
10677 24
10678 11
10679 26
10680 15
10681 16
10682 13
10683 13
10684 22
10685 12
10686 21
10687 9
10688 10
10689 13
10690 15
10691 7
10692 24
10693 7
10694 7
10695 15
10696 19
10697 22
10698 7
10699 10
10700 21
10701 19
10702 15
10703 19
10704 15
10705 10
10706 21
10707 19
10708 12
10709 16
10710 17
10711 26
10712 11
10713 13
10714 17
10715 13
10716 13
10717 11
10718 18
10719 18
10720 12
10721 15
10722 20
10723 20
10724 10
10725 15
10726 16
10727 18
10728 23
10729 20
10730 14
10731 22
10732 24
10733 11
10734 23
10735 10
10736 11
10737 16
10738 29
10739 15
10740 23
10741 23
10742 14
10743 13
10744 15
10745 14
10746 9
10747 9
10748 7
10749 14
10750 36
10751 14
10752 27
10753 17
10754 10
10755 14
10756 18
10757 13
10758 9
10759 9
10760 13
10761 10
10762 17
10763 19
10764 24
10765 15
10766 22
10767 10
10768 21
10769 33
10770 13
10771 11
10772 10
10773 13
10774 13
10775 8
10776 23
10777 29
10778 10
10779 25
10780 11
10781 14
10782 14
10783 23
10784 12
10785 10
10786 30
10787 25
10788 11
10789 14
10790 25
10791 14
10792 19
10793 9
10794 12
10795 14
10796 10
10797 22
10798 11
10799 18
10800 8
10801 24
10802 30
10803 10
10804 10
10805 41
10806 29
10807 14
10808 12
10809 11
10810 34
10811 20
10812 18
10813 21
10814 21
10815 25
10816 24
10817 8
10818 27
10819 11
10820 16
10821 12
10822 18
10823 12
10824 16
10825 7
10826 25
10827 10
10828 12
10829 19
10830 17
10831 22
10832 23
10833 20
10834 26
10835 12
10836 18
10837 9
10838 13
10839 16
10840 15
10841 17
10842 9
10843 17
10844 10
10845 12
10846 12
10847 8
10848 7
10849 17
10850 16
10851 16
10852 28
10853 14
10854 9
10855 12
10856 9
10857 31
10858 18
10859 19
10860 19
10861 15
10862 6
10863 21
10864 17
10865 23
10866 11
10867 15
10868 5
10869 18
10870 10
10871 10
10872 32
10873 24
10874 13
10875 21
10876 10
10877 17
10878 15
10879 14
10880 20
10881 18
10882 23
10883 37
10884 21
10885 12
10886 18
10887 10
10888 18
10889 10
10890 15
10891 17
10892 15
10893 26
10894 7
10895 13
10896 22
10897 17
10898 22
10899 10
10900 21
10901 24
10902 22
10903 15
10904 18
10905 23
10906 12
10907 13
10908 6
10909 9
10910 26
10911 30
10912 12
10913 11
10914 8
10915 20
10916 25
10917 19
10918 18
10919 13
10920 16
10921 10
10922 10
10923 15
10924 19
10925 21
10926 14
10927 28
10928 24
10929 12
10930 21
10931 16
10932 25
10933 23
10934 28
10935 12
10936 10
10937 8
10938 7
10939 20
10940 12
10941 11
10942 9
10943 10
10944 8
10945 14
10946 15
10947 6
10948 21
10949 16
10950 14
10951 13
10952 21
10953 7
10954 19
10955 13
10956 13
10957 13
10958 14
10959 17
10960 12
10961 17
10962 18
10963 24
10964 9
10965 8
10966 18
10967 17
10968 11
10969 12
10970 21
10971 23
10972 11
10973 16
10974 18
10975 29
10976 25
10977 10
10978 11
10979 18
10980 19
10981 9
10982 13
10983 18
10984 6
10985 19
10986 15
10987 25
10988 16
10989 15
10990 15
10991 16
10992 16
10993 10
10994 21
10995 19
10996 10
10997 18
10998 10
10999 27
11000 16
11001 10
11002 13
11003 9
11004 20
11005 15
11006 14
11007 15
11008 11
11009 13
11010 15
11011 23
11012 10
11013 35
11014 9
11015 16
11016 26
11017 14
11018 19
11019 21
11020 28
11021 11
11022 13
11023 16
11024 15
11025 11
11026 11
11027 14
11028 22
11029 15
11030 18
11031 10
11032 13
11033 13
11034 10
11035 18
11036 15
11037 13
11038 13
11039 5
11040 23
11041 17
11042 5
11043 22
11044 16
11045 14
11046 8
11047 11
11048 20
11049 13
11050 12
11051 6
11052 15
11053 24
11054 12
11055 14
11056 20
11057 18
11058 14
11059 10
11060 8
11061 20
11062 16
11063 25
11064 22
11065 23
11066 11
11067 7
11068 15
11069 17
11070 1
11071 15
11072 8
11073 6
11074 8
11075 18
11076 8
11077 13
11078 16
11079 12
11080 14
11081 18
11082 13
11083 10
11084 15
11085 7
11086 10
11087 15
11088 19
11089 9
11090 9
11091 16
11092 11
11093 13
11094 15
11095 16
11096 8
11097 28
11098 7
11099 13
11100 13
11101 23
11102 12
11103 10
11104 10
11105 34
11106 26
11107 15
11108 17
11109 17
11110 10
11111 17
11112 22
11113 11
11114 19
11115 14
11116 7
11117 27
11118 9
11119 21
11120 14
11121 26
11122 26
11123 11
11124 16
11125 10
11126 7
11127 11
11128 17
11129 20
11130 20
11131 11
11132 10
11133 15
11134 11
11135 13
11136 13
11137 14
11138 8
11139 19
11140 21
11141 15
11142 18
11143 12
11144 23
11145 29
11146 19
11147 10
11148 17
11149 25
11150 26
11151 7
11152 20
11153 6
11154 11
11155 9
11156 15
11157 10
11158 13
11159 12
11160 8
11161 28
11162 24
11163 12
11164 12
11165 10
11166 27
11167 13
11168 8
11169 18
11170 12
11171 11
11172 21
11173 18
11174 18
11175 19
11176 14
11177 17
11178 8
11179 20
11180 11
11181 5
11182 10
11183 23
11184 13
11185 31
11186 9
11187 13
11188 12
11189 16
11190 10
11191 8
11192 21
11193 18
11194 14
11195 19
11196 10
11197 22
11198 17
11199 13
11200 20
11201 14
11202 14
11203 15
11204 15
11205 12
11206 24
11207 10
11208 10
11209 16
11210 23
11211 18
11212 9
11213 15
11214 19
11215 24
11216 19
11217 21
11218 26
11219 8
11220 23
11221 6
11222 19
11223 12
11224 17
11225 19
11226 13
11227 17
11228 10
11229 23
11230 13
11231 15
11232 33
11233 10
11234 17
11235 31
11236 11
11237 9
11238 15
11239 19
11240 13
11241 14
11242 14
11243 20
11244 14
11245 9
11246 15
11247 14
11248 8
11249 13
11250 19
11251 13
11252 19
11253 14
11254 6
11255 27
11256 15
11257 8
11258 11
11259 18
11260 18
11261 14
11262 9
11263 14
11264 10
11265 7
11266 14
11267 13
11268 14
11269 10
11270 24
11271 13
11272 29
11273 16
11274 23
11275 20
11276 14
11277 14
11278 19
11279 20
11280 13
11281 23
11282 7
11283 15
11284 14
11285 15
11286 25
11287 11
11288 13
11289 14
11290 27
11291 10
11292 12
11293 23
11294 14
11295 13
11296 27
11297 13
11298 13
11299 7
11300 15
11301 26
11302 10
11303 20
11304 8
11305 14
11306 26
11307 18
11308 13
11309 14
11310 15
11311 17
11312 14
11313 17
11314 12
11315 29
11316 9
11317 18
11318 14
11319 9
11320 29
11321 32
11322 16
11323 20
11324 14
11325 30
11326 11
11327 10
11328 14
11329 12
11330 11
11331 11
11332 10
11333 22
11334 20
11335 20
11336 16
11337 12
11338 10
11339 6
11340 14
11341 20
11342 11
11343 20
11344 29
11345 13
11346 14
11347 20
11348 16
11349 13
11350 17
11351 14
11352 9
11353 8
11354 21
11355 20
11356 28
11357 13
11358 28
11359 21
11360 9
11361 14
11362 16
11363 14
11364 13
11365 15
11366 15
11367 10
11368 8
11369 20
11370 9
11371 19
11372 11
11373 12
11374 12
11375 18
11376 24
11377 17
11378 15
11379 13
11380 6
11381 24
11382 16
11383 6
11384 15
11385 15
11386 7
11387 23
11388 16
11389 14
11390 15
11391 10
11392 26
11393 28
11394 30
11395 11
11396 8
11397 18
11398 13
11399 31
11400 15
11401 37
11402 15
11403 11
11404 12
11405 18
11406 9
11407 9
11408 16
11409 26
11410 12
11411 5
11412 7
11413 22
11414 7
11415 8
11416 14
11417 7
11418 13
11419 15
11420 7
11421 13
11422 8
11423 20
11424 20
11425 18
11426 9
11427 21
11428 18
11429 9
11430 8
11431 16
11432 13
11433 18
11434 12
11435 27
11436 9
11437 18
11438 23
11439 29
11440 18
11441 18
11442 16
11443 19
11444 6
11445 26
11446 20
11447 15
11448 7
11449 10
11450 17
11451 11
11452 10
11453 16
11454 16
11455 14
11456 8
11457 23
11458 17
11459 11
11460 7
11461 12
11462 16
11463 17
11464 12
11465 20
11466 11
11467 11
11468 11
11469 15
11470 12
11471 19
11472 12
11473 14
11474 26
11475 17
11476 29
11477 12
11478 9
11479 15
11480 10
11481 13
11482 11
11483 20
11484 12
11485 11
11486 12
11487 31
11488 27
11489 13
11490 7
11491 18
11492 22
11493 14
11494 14
11495 37
11496 16
11497 10
11498 10
11499 10
11500 15
11501 18
11502 18
11503 21
11504 17
11505 13
11506 18
11507 20
11508 18
11509 14
11510 17
11511 11
11512 23
11513 15
11514 16
11515 19
11516 12
11517 22
11518 32
11519 13
11520 12
11521 10
11522 11
11523 15
11524 10
11525 15
11526 19
11527 16
11528 13
11529 17
11530 9
11531 10
11532 10
11533 18
11534 20
11535 14
11536 18
11537 18
11538 27
11539 13
11540 20
11541 15
11542 17
11543 14
11544 13
11545 10
11546 19
11547 26
11548 8
11549 11
11550 22
11551 16
11552 14
11553 15
11554 12
11555 18
11556 11
11557 19
11558 15
11559 16
11560 21
11561 14
11562 9
11563 10
11564 17
11565 27
11566 25
11567 13
11568 11
11569 8
11570 29
11571 16
11572 21
11573 15
11574 9
11575 17
11576 7
11577 19
11578 10
11579 30
11580 17
11581 13
11582 17
11583 14
11584 11
11585 13
11586 15
11587 6
11588 19
11589 11
11590 14
11591 12
11592 20
11593 24
11594 11
11595 22
11596 17
11597 13
11598 17
11599 12
11600 12
11601 11
11602 12
11603 21
11604 18
11605 12
11606 16
11607 26
11608 15
11609 30
11610 8
11611 27
11612 11
11613 12
11614 10
11615 11
11616 9
11617 15
11618 16
11619 21
11620 17
11621 27
11622 14
11623 10
11624 13
11625 16
11626 9
11627 8
11628 17
11629 14
11630 11
11631 17
11632 22
11633 12
11634 16
11635 15
11636 20
11637 13
11638 14
11639 9
11640 22
11641 14
11642 21
11643 10
11644 23
11645 19
11646 16
11647 24
11648 12
11649 16
11650 18
11651 8
11652 10
11653 15
11654 18
11655 13
11656 19
11657 23
11658 17
11659 9
11660 17
11661 17
11662 24
11663 11
11664 14
11665 16
11666 19
11667 33
11668 5
11669 15
11670 16
11671 11
11672 14
11673 16
11674 13
11675 16
11676 20
11677 17
11678 15
11679 20
11680 11
11681 12
11682 11
11683 15
11684 15
11685 18
11686 16
11687 12
11688 17
11689 17
11690 13
11691 9
11692 14
11693 32
11694 13
11695 21
11696 14
11697 19
11698 11
11699 14
11700 10
11701 15
11702 14
11703 14
11704 22
11705 16
11706 16
11707 22
11708 19
11709 15
11710 11
11711 20
11712 18
11713 9
11714 26
11715 9
11716 22
11717 11
11718 19
11719 8
11720 23
11721 10
11722 11
11723 27
11724 14
11725 12
11726 17
11727 21
11728 15
11729 12
11730 18
11731 15
11732 9
11733 7
11734 19
11735 18
11736 9
11737 26
11738 14
11739 12
11740 17
11741 22
11742 9
11743 28
11744 11
11745 8
11746 9
11747 23
11748 23
11749 23
11750 24
11751 15
11752 18
11753 18
11754 15
11755 13
11756 15
11757 9
11758 10
11759 28
11760 15
11761 16
11762 19
11763 15
11764 18
11765 9
11766 17
11767 21
11768 11
11769 19
11770 18
11771 15
11772 14
11773 17
11774 28
11775 12
11776 24
11777 14
11778 12
11779 15
11780 17
11781 23
11782 13
11783 20
11784 27
11785 12
11786 19
11787 18
11788 16
11789 21
11790 15
11791 17
11792 38
11793 22
11794 25
11795 22
11796 8
11797 11
11798 13
11799 32
11800 9
11801 13
11802 9
11803 13
11804 7
11805 15
11806 25
11807 10
11808 9
11809 23
11810 13
11811 24
11812 12
11813 12
11814 22
11815 27
11816 11
11817 15
11818 13
11819 21
11820 12
11821 21
11822 19
11823 9
11824 13
11825 8
11826 11
11827 31
11828 10
11829 12
11830 15
11831 11
11832 16
11833 11
11834 18
11835 11
11836 13
11837 17
11838 23
11839 14
11840 9
11841 19
11842 20
11843 11
11844 17
11845 18
11846 22
11847 22
11848 23
11849 25
11850 16
11851 16
11852 23
11853 19
11854 16
11855 16
11856 23
11857 23
11858 37
11859 16
11860 14
11861 7
11862 6
11863 24
11864 15
11865 7
11866 28
11867 9
11868 13
11869 29
11870 18
11871 17
11872 8
11873 26
11874 15
11875 7
11876 19
11877 19
11878 13
11879 13
11880 11
11881 6
11882 18
11883 12
11884 15
11885 13
11886 12
11887 16
11888 5
11889 9
11890 15
11891 10
11892 16
11893 9
11894 13
11895 13
11896 21
11897 7
11898 13
11899 16
11900 13
11901 11
11902 12
11903 14
11904 11
11905 21
11906 14
11907 22
11908 21
11909 25
11910 12
11911 21
11912 8
11913 12
11914 9
11915 15
11916 31
11917 11
11918 11
11919 10
11920 10
11921 26
11922 30
11923 13
11924 8
11925 10
11926 12
11927 9
11928 21
11929 15
11930 14
11931 7
11932 18
11933 15
11934 13
11935 17
11936 18
11937 27
11938 12
11939 12
11940 17
11941 11
11942 18
11943 19
11944 11
11945 12
11946 12
11947 20
11948 15
11949 7
11950 16
11951 30
11952 11
11953 22
11954 10
11955 8
11956 19
11957 34
11958 4
11959 23
11960 16
11961 32
11962 13
11963 11
11964 22
11965 18
11966 13
11967 11
11968 12
11969 12
11970 28
11971 17
11972 15
11973 24
11974 35
11975 22
11976 19
11977 1
11978 8
11979 18
11980 10
11981 13
11982 18
11983 15
11984 6
11985 26
11986 14
11987 28
11988 11
11989 25
11990 14
11991 16
11992 8
11993 21
11994 20
11995 18
11996 22
11997 19
11998 22
11999 20
12000 13
12001 27
12002 15
12003 29
12004 12
12005 27
12006 10
12007 18
12008 24
12009 16
12010 14
12011 15
12012 20
12013 19
12014 27
12015 12
12016 17
12017 13
12018 7
12019 13
12020 12
12021 9
12022 11
12023 16
12024 23
12025 15
12026 6
12027 18
12028 19
12029 25
12030 24
12031 14
12032 15
12033 17
12034 12
12035 23
12036 10
12037 19
12038 16
12039 10
12040 12
12041 11
12042 12
12043 10
12044 17
12045 8
12046 23
12047 12
12048 14
12049 11
12050 17
12051 27
12052 9
12053 9
12054 16
12055 18
12056 16
12057 10
12058 16
12059 9
12060 21
12061 19
12062 16
12063 18
12064 23
12065 8
12066 12
12067 13
12068 15
12069 14
12070 15
12071 11
12072 20
12073 10
12074 10
12075 21
12076 13
12077 7
12078 18
12079 17
12080 6
12081 13
12082 22
12083 23
12084 17
12085 17
12086 16
12087 15
12088 22
12089 16
12090 15
12091 16
12092 22
12093 18
12094 14
12095 28
12096 29
12097 13
12098 19
12099 26
12100 13
12101 15
12102 8
12103 9
12104 29
12105 15
12106 30
12107 0
