1 1
2 1
3 1
4 1
5 1
6 1
7 1
8 1
9 1
10 1
11 1
12 1
13 1
14 1
15 1
16 1
17 1
18 1
19 1
20 1
21 1
22 17
23 5
24 16
25 17
26 22
27 20
28 30
29 10
30 21
31 20
32 17
33 17
34 20
35 10
36 9
37 14
38 30
39 11
40 9
41 10
42 16
43 26
44 15
45 13
46 11
47 10
48 9
49 13
50 11
51 13
52 9
53 14
54 13
55 7
56 16
57 17
58 9
59 12
60 10
61 9
62 11
63 12
64 16
65 21
66 13
67 8
68 14
69 15
70 21
71 11
72 15
73 11
74 24
75 7
76 12
77 13
78 14
79 15
80 18
81 10
82 9
83 12
84 17
85 9
86 16
87 11
88 13
89 23
90 10
91 26
92 20
93 20
94 18
95 15
96 24
97 11
98 22
99 18
100 19
101 20
102 29
103 10
104 14
105 16
106 9
107 27
108 7
109 15
110 13
111 13
112 17
113 8
114 23
115 6
116 9
117 17
118 11
119 11
120 11
121 28
122 24
123 15
124 10
125 9
126 9
127 15
128 17
129 23
130 7
131 19
132 19
133 16
134 14
135 5
136 10
137 12
138 14
139 17
140 13
141 8
142 9
143 9
144 16
145 10
146 7
147 18
148 20
149 8
150 13
151 21
152 12
153 10
154 19
155 14
156 16
157 18
158 14
159 18
160 17
161 9
162 17
163 23
164 9
165 28
166 10
167 20
168 10
169 16
170 18
171 14
172 26
173 26
174 27
175 16
176 17
177 12
178 18
179 19
180 12
181 24
182 10
183 13
184 18
185 9
186 21
187 14
188 13
189 9
190 14
191 12
192 19
193 16
194 14
195 13
196 23
197 25
198 12
199 14
200 24
201 20
202 22
203 14
204 19
205 11
206 21
207 15
208 18
209 12
210 27
211 12
212 15
213 20
214 8
215 9
216 12
217 19
218 22
219 8
220 16
221 27
222 10
223 16
224 6
225 12
226 12
227 19
228 15
229 9
230 17
231 12
232 14
233 14
234 7
235 16
236 21
237 18
238 10
239 11
240 14
241 16
242 13
243 21
244 14
245 12
246 11
247 15
248 10
249 25
250 15
251 21
252 15
253 12
254 11
255 17
256 13
257 13
258 19
259 17
260 15
261 8
262 16
263 16
264 26
265 23
266 18
267 12
268 23
269 12
270 12
271 19
272 12
273 8
274 14
275 8
276 16
277 18
278 15
279 12
280 12
281 19
282 8
283 16
284 15
285 10
286 16
287 17
288 20
289 13
290 14
291 17
292 14
293 35
294 12
295 11
296 8
297 16
298 23
299 14
300 20
301 20
302 28
303 14
304 12
305 16
306 15
307 11
308 11
309 18
310 34
311 14
312 11
313 7
314 26
315 10
316 14
317 11
318 19
319 18
320 6
321 9
322 10
323 15
324 10
325 8
326 14
327 21
328 25
329 39
330 13
331 13
332 14
333 10
334 14
335 16
336 19
337 12
338 8
339 9
340 21
341 15
342 8
343 20
344 14
345 14
346 11
347 20
348 17
349 15
350 22
351 23
352 19
353 13
354 11
355 28
356 9
357 21
358 13
359 10
360 14
361 20
362 12
363 13
364 11
365 8
366 15
367 10
368 21
369 13
370 20
371 9
372 9
373 16
374 17
375 11
376 20
377 18
378 11
379 14
380 22
381 15
382 14
383 32
384 26
385 13
386 8
387 27
388 13
389 18
390 15
391 26
392 21
393 33
394 25
395 12
396 18
397 11
398 8
399 10
400 10
401 16
402 11
403 16
404 17
405 15
406 9
407 20
408 25
409 15
410 13
411 17
412 15
413 23
414 16
415 13
416 18
417 16
418 20
419 14
420 23
421 15
422 16
423 9
424 16
425 13
426 18
427 17
428 18
429 15
430 10
431 9
432 9
433 28
434 17
435 24
436 12
437 8
438 32
439 13
440 12
441 17
442 16
443 10
444 25
445 12
446 9
447 14
448 11
449 16
450 13
451 14
452 18
453 21
454 9
455 12
456 19
457 13
458 13
459 13
460 13
461 15
462 19
463 8
464 13
465 9
466 30
467 7
468 18
469 8
470 7
471 9
472 13
473 17
474 14
475 14
476 14
477 11
478 22
479 8
480 28
481 19
482 10
483 11
484 15
485 20
486 15
487 12
488 14
489 16
490 13
491 8
492 11
493 13
494 15
495 8
496 18
497 18
498 9
499 12
500 11
501 13
502 10
503 17
504 17
505 13
506 12
507 14
508 15
509 12
510 29
511 17
512 12
513 10
514 15
515 11
516 32
517 17
518 22
519 14
520 23
521 25
522 18
523 18
524 19
525 9
526 14
527 26
528 21
529 19
530 14
531 17
532 6
533 16
534 12
535 23
536 20
537 8
538 15
539 15
540 12
541 11
542 21
543 6
544 12
545 12
546 8
547 22
548 12
549 16
550 13
551 12
552 12
553 13
554 10
555 20
556 10
557 18
558 6
559 16
560 10
561 11
562 19
563 12
564 22
565 20
566 13
567 20
568 22
569 20
570 9
571 14
572 14
573 21
574 13
575 10
576 20
577 14
578 24
579 22
580 14
581 12
582 15
583 9
584 17
585 18
586 16
587 12
588 15
589 9
590 15
591 9
592 16
593 15
594 22
595 10
596 9
597 15
598 12
599 8
600 32
601 8
602 14
603 8
604 11
605 14
606 9
607 18
608 13
609 13
610 17
611 26
612 7
613 12
614 12
615 14
616 10
617 11
618 20
619 9
620 15
621 16
622 12
623 11
624 12
625 14
626 15
627 16
628 12
629 34
630 26
631 24
632 14
633 11
634 15
635 11
636 21
637 14
638 12
639 21
640 12
641 13
642 11
643 17
644 10
645 23
646 22
647 19
648 10
649 22
650 11
651 26
652 23
653 11
654 16
655 12
656 7
657 21
658 13
659 15
660 20
661 10
662 16
663 20
664 10
665 7
666 16
667 27
668 13
669 15
670 13
671 11
672 20
673 10
674 13
675 15
676 13
677 25
678 17
679 14
680 10
681 10
682 4
683 19
684 20
685 14
686 14
687 28
688 25
689 9
690 6
691 16
692 16
693 23
694 23
695 16
696 14
697 13
698 13
699 11
700 11
701 15
702 12
703 15
704 9
705 16
706 31
707 20
708 30
709 15
710 10
711 10
712 18
713 30
714 17
715 19
716 12
717 19
718 7
719 34
720 10
721 17
722 7
723 19
724 15
725 20
726 11
727 13
728 10
729 10
730 19
731 10
732 20
733 23
734 21
735 8
736 16
737 18
738 12
739 18
740 4
741 14
742 17
743 9
744 23
745 18
746 24
747 13
748 11
749 9
750 10
751 16
752 20
753 21
754 20
755 16
756 31
757 12
758 21
759 31
760 9
761 7
762 14
763 12
764 13
765 23
766 21
767 26
768 26
769 9
770 11
771 9
772 19
773 7
774 15
775 15
776 13
777 9
778 10
779 11
780 15
781 18
782 13
783 25
784 16
785 18
786 11
787 18
788 18
789 16
790 16
791 9
792 9
793 15
794 10
795 17
796 13
797 18
798 10
799 16
800 17
801 15
802 13
803 13
804 14
805 14
806 27
807 16
808 11
809 15
810 21
811 10
812 15
813 19
814 10
815 14
816 13
817 29
818 16
819 12
820 15
821 11
822 10
823 10
824 33
825 16
826 12
827 10
828 13
829 23
830 16
831 14
832 15
833 12
834 21
835 13
836 15
837 9
838 14
839 16
840 27
841 14
842 19
843 14
844 21
845 14
846 16
847 12
848 12
849 15
850 11
851 17
852 16
853 16
854 17
855 15
856 13
857 10
858 21
859 14
860 20
861 22
862 15
863 22
864 21
865 13
866 24
867 14
868 15
869 11
870 9
871 8
872 11
873 20
874 6
875 11
876 11
877 18
878 8
879 15
880 23
881 10
882 7
883 21
884 12
885 15
886 13
887 10
888 21
889 17
890 34
891 28
892 23
893 13
894 16
895 17
896 6
897 8
898 9
899 9
900 15
901 21
902 17
903 13
904 14
905 12
906 18
907 10
908 15
909 11
910 12
911 22
912 14
913 15
914 16
915 16
916 10
917 11
918 16
919 15
920 22
921 15
922 18
923 5
924 13
925 24
926 13
927 17
928 20
929 15
930 13
931 14
932 10
933 13
934 8
935 16
936 13
937 13
938 7
939 13
940 27
941 9
942 31
943 23
944 14
945 14
946 9
947 12
948 14
949 6
950 13
951 9
952 22
953 11
954 12
955 8
956 19
957 13
958 11
959 13
960 10
961 16
962 20
963 19
964 8
965 34
966 6
967 10
968 16
969 13
970 16
971 14
972 12
973 12
974 19
975 14
976 13
977 13
978 11
979 19
980 12
981 18
982 14
983 13
984 11
985 11
986 10
987 11
988 14
989 25
990 11
991 14
992 27
993 20
994 14
995 18
996 19
997 16
998 15
999 15
1000 16
1001 36
1002 13
1003 11
1004 19
1005 8
1006 15
1007 16
1008 9
1009 7
1010 19
1011 19
1012 11
1013 22
1014 12
1015 21
1016 13
1017 7
1018 14
1019 8
1020 26
1021 16
1022 25
1023 17
1024 13
1025 13
1026 12
1027 11
1028 26
1029 14
1030 12
1031 14
1032 13
1033 17
1034 16
1035 25
1036 11
1037 13
1038 14
1039 10
1040 11
1041 10
1042 14
1043 8
1044 22
1045 21
1046 14
1047 17
1048 29
1049 22
1050 19
1051 7
1052 18
1053 12
1054 17
1055 36
1056 12
1057 18
1058 15
1059 14
1060 20
1061 12
1062 11
1063 11
1064 16
1065 31
1066 11
1067 17
1068 9
1069 11
1070 11
1071 26
1072 17
1073 25
1074 9
1075 34
1076 10
1077 14
1078 10
1079 19
1080 12
1081 9
1082 26
1083 9
1084 14
1085 9
1086 24
1087 11
1088 15
1089 13
1090 6
1091 8
1092 15
1093 22
1094 19
1095 7
1096 19
1097 16
1098 18
1099 15
1100 22
1101 19
1102 18
1103 13
1104 16
1105 8
1106 22
1107 9
1108 21
1109 24
1110 13
1111 10
1112 20
1113 19
1114 18
1115 13
1116 25
1117 20
1118 14
1119 9
1120 13
1121 13
1122 25
1123 20
1124 19
1125 6
1126 21
1127 11
1128 16
1129 22
1130 16
1131 11
1132 14
1133 13
1134 16
1135 10
1136 22
1137 15
1138 13
1139 14
1140 18
1141 11
1142 13
1143 9
1144 10
1145 9
1146 14
1147 11
1148 26
1149 21
1150 15
1151 14
1152 30
1153 13
1154 17
1155 42
1156 22
1157 16
1158 14
1159 13
1160 9
1161 20
1162 32
1163 14
1164 17
1165 9
1166 23
1167 8
1168 22
1169 18
1170 17
1171 12
1172 15
1173 17
1174 19
1175 10
1176 9
1177 16
1178 10
1179 16
1180 18
1181 9
1182 23
1183 7
1184 31
1185 17
1186 31
1187 11
1188 14
1189 18
1190 21
1191 19
1192 13
1193 11
1194 9
1195 10
1196 9
1197 17
1198 22
1199 12
1200 16
1201 13
1202 16
1203 17
1204 20
1205 19
1206 21
1207 13
1208 14
1209 12
1210 10
1211 12
1212 15
1213 23
1214 10
1215 19
1216 15
1217 11
1218 9
1219 11
1220 11
1221 14
1222 7
1223 10
1224 12
1225 31
1226 16
1227 13
1228 13
1229 16
1230 13
1231 23
1232 13
1233 18
1234 18
1235 14
1236 18
1237 15
1238 14
1239 13
1240 11
1241 12
1242 8
1243 10
1244 8
1245 29
1246 23
1247 32
1248 22
1249 13
1250 12
1251 10
1252 20
1253 16
1254 18
1255 21
1256 18
1257 24
1258 21
1259 19
1260 7
1261 13
1262 17
1263 17
1264 21
1265 13
1266 13
1267 13
1268 15
1269 12
1270 13
1271 16
1272 23
1273 9
1274 15
1275 17
1276 28
1277 17
1278 22
1279 13
1280 14
1281 20
1282 15
1283 8
1284 18
1285 12
1286 21
1287 17
1288 10
1289 9
1290 11
1291 14
1292 11
1293 16
1294 12
1295 11
1296 18
1297 13
1298 13
1299 20
1300 23
1301 10
1302 21
1303 18
1304 16
1305 11
1306 14
1307 14
1308 21
1309 18
1310 11
1311 16
1312 7
1313 12
1314 16
1315 14
1316 12
1317 8
1318 18
1319 20
1320 11
1321 19
1322 11
1323 22
1324 10
1325 29
1326 32
1327 11
1328 5
1329 7
1330 10
1331 12
1332 12
1333 16
1334 28
1335 14
1336 16
1337 26
1338 14
1339 12
1340 10
1341 28
1342 12
1343 10
1344 12
1345 16
1346 20
1347 23
1348 11
1349 5
1350 22
1351 18
1352 17
1353 12
1354 18
1355 16
1356 22
1357 19
1358 17
1359 14
1360 9
1361 26
1362 21
1363 12
1364 11
1365 12
1366 9
1367 14
1368 9
1369 12
1370 23
1371 14
1372 16
1373 14
1374 13
1375 14
1376 14
1377 26
1378 16
1379 9
1380 21
1381 25
1382 18
1383 21
1384 18
1385 11
1386 18
1387 10
1388 13
1389 23
1390 17
1391 11
1392 16
1393 24
1394 14
1395 16
1396 7
1397 11
1398 17
1399 15
1400 16
1401 11
1402 13
1403 16
1404 9
1405 9
1406 7
1407 12
1408 13
1409 9
1410 11
1411 9
1412 14
1413 11
1414 9
1415 32
1416 18
1417 4
1418 15
1419 14
1420 18
1421 9
1422 10
1423 7
1424 18
1425 21
1426 11
1427 14
1428 12
1429 11
1430 10
1431 13
1432 9
1433 11
1434 24
1435 8
1436 21
1437 14
1438 9
1439 19
1440 17
1441 21
1442 12
1443 13
1444 12
1445 31
1446 22
1447 21
1448 17
1449 13
1450 9
1451 14
1452 21
1453 20
1454 18
1455 24
1456 14
1457 14
1458 16
1459 20
1460 12
1461 11
1462 15
1463 24
1464 14
1465 8
1466 11
1467 21
1468 8
1469 10
1470 21
1471 28
1472 13
1473 17
1474 16
1475 24
1476 9
1477 9
1478 18
1479 13
1480 10
1481 14
1482 19
1483 15
1484 24
1485 18
1486 15
1487 15
1488 10
1489 13
1490 24
1491 20
1492 22
1493 12
1494 20
1495 17
1496 22
1497 21
1498 4
1499 16
1500 10
1501 10
1502 18
1503 13
1504 14
1505 12
1506 10
1507 18
1508 12
1509 23
1510 11
1511 11
1512 10
1513 13
1514 15
1515 7
1516 14
1517 15
1518 22
1519 15
1520 13
1521 9
1522 26
1523 11
1524 22
1525 13
1526 11
1527 12
1528 11
1529 30
1530 24
1531 7
1532 14
1533 14
1534 17
1535 14
1536 19
1537 25
1538 14
1539 7
1540 16
1541 10
1542 24
1543 17
1544 14
1545 17
1546 9
1547 12
1548 8
1549 22
1550 20
1551 22
1552 9
1553 10
1554 15
1555 12
1556 18
1557 11
1558 16
1559 13
1560 20
1561 13
1562 20
1563 14
1564 17
1565 24
1566 11
1567 21
1568 13
1569 8
1570 24
1571 10
1572 16
1573 20
1574 15
1575 11
1576 12
1577 10
1578 19
1579 9
1580 18
1581 13
1582 5
1583 10
1584 15
1585 13
1586 15
1587 19
1588 8
1589 14
1590 10
1591 13
1592 10
1593 7
1594 9
1595 9
1596 13
1597 10
1598 20
1599 16
1600 16
1601 14
1602 15
1603 14
1604 11
1605 12
1606 12
1607 11
1608 14
1609 11
1610 16
1611 13
1612 9
1613 27
1614 10
1615 18
1616 19
1617 12
1618 20
1619 19
1620 7
1621 11
1622 16
1623 7
1624 17
1625 18
1626 19
1627 11
1628 6
1629 23
1630 18
1631 12
1632 18
1633 9
1634 29
1635 11
1636 19
1637 18
1638 11
1639 12
1640 19
1641 18
1642 9
1643 14
1644 12
1645 14
1646 19
1647 13
1648 11
1649 16
1650 17
1651 13
1652 29
1653 11
1654 13
1655 13
1656 12
1657 13
1658 13
1659 22
1660 8
1661 9
1662 16
1663 16
1664 7
1665 22
1666 17
1667 13
1668 13
1669 18
1670 9
1671 14
1672 15
1673 26
1674 10
1675 13
1676 17
1677 13
1678 17
1679 11
1680 15
1681 9
1682 11
1683 22
1684 9
1685 13
1686 27
1687 26
1688 11
1689 15
1690 32
1691 16
1692 23
1693 10
1694 21
1695 20
1696 19
1697 12
1698 20
1699 12
1700 15
1701 20
1702 8
1703 20
1704 8
1705 19
1706 17
1707 9
1708 26
1709 16
1710 15
1711 9
1712 12
1713 10
1714 15
1715 12
1716 18
1717 17
1718 29
1719 8
1720 17
1721 11
1722 31
1723 16
1724 13
1725 10
1726 13
1727 17
1728 21
1729 21
1730 14
1731 21
1732 10
1733 11
1734 20
1735 16
1736 15
1737 23
1738 18
1739 31
1740 13
1741 5
1742 20
1743 23
1744 10
1745 17
1746 14
1747 12
1748 11
1749 18
1750 13
1751 16
1752 13
1753 25
1754 17
1755 11
1756 26
1757 13
1758 13
1759 13
1760 10
1761 21
1762 14
1763 12
1764 14
1765 13
1766 3
1767 14
1768 20
1769 12
1770 19
1771 22
1772 24
1773 16
1774 30
1775 17
1776 13
1777 17
1778 9
1779 6
1780 20
1781 13
1782 10
1783 18
1784 20
1785 13
1786 11
1787 28
1788 16
1789 7
1790 12
1791 8
1792 19
1793 18
1794 29
1795 22
1796 14
1797 21
1798 17
1799 9
1800 15
1801 10
1802 11
1803 14
1804 22
1805 15
1806 30
1807 12
1808 9
1809 12
1810 26
1811 16
1812 13
1813 7
1814 14
1815 8
1816 9
1817 11
1818 21
1819 15
1820 15
1821 13
1822 21
1823 16
1824 14
1825 6
1826 12
1827 10
1828 11
1829 12
1830 10
1831 16
1832 28
1833 9
1834 17
1835 11
1836 12
1837 23
1838 19
1839 9
1840 15
1841 28
1842 16
1843 25
1844 7
1845 9
1846 15
1847 5
1848 13
1849 16
1850 15
1851 3
1852 14
1853 11
1854 14
1855 20
1856 15
1857 23
1858 17
1859 21
1860 15
1861 9
1862 16
1863 20
1864 12
1865 7
1866 12
1867 13
1868 9
1869 16
1870 24
1871 16
1872 9
1873 14
1874 11
1875 24
1876 9
1877 16
1878 23
1879 8
1880 31
1881 13
1882 21
1883 15
1884 23
1885 14
1886 10
1887 17
1888 17
1889 10
1890 13
1891 13
1892 14
1893 8
1894 20
1895 12
1896 19
1897 14
1898 17
1899 20
1900 11
1901 12
1902 10
1903 17
1904 21
1905 24
1906 19
1907 19
1908 18
1909 12
1910 13
1911 17
1912 14
1913 17
1914 8
1915 8
1916 9
1917 15
1918 15
1919 6
1920 8
1921 18
1922 16
1923 9
1924 14
1925 15
1926 15
1927 12
1928 21
1929 10
1930 20
1931 14
1932 14
1933 15
1934 11
1935 9
1936 23
1937 21
1938 12
1939 16
1940 15
1941 12
1942 9
1943 26
1944 6
1945 13
1946 9
1947 10
1948 14
1949 16
1950 13
1951 7
1952 17
1953 10
1954 20
1955 12
1956 8
1957 27
1958 15
1959 14
1960 16
1961 8
1962 17
1963 19
1964 14
1965 9
1966 16
1967 11
1968 19
1969 9
1970 12
1971 19
1972 7
1973 10
1974 23
1975 10
1976 24
1977 12
1978 7
1979 21
1980 22
1981 11
1982 14
1983 16
1984 14
1985 22
1986 11
1987 15
1988 23
1989 22
1990 17
1991 22
1992 13
1993 16
1994 15
1995 16
1996 8
1997 15
1998 10
1999 21
2000 22
2001 17
2002 17
2003 8
2004 13
2005 24
2006 20
2007 25
2008 17
2009 16
2010 8
2011 18
2012 18
2013 22
2014 15
2015 14
2016 9
2017 10
2018 8
2019 14
2020 15
2021 14
2022 12
2023 10
2024 13
2025 17
2026 12
2027 12
2028 7
2029 19
2030 15
2031 20
2032 12
2033 7
2034 17
2035 14
2036 18
2037 8
2038 10
2039 23
2040 6
2041 12
2042 18
2043 26
2044 5
2045 10
2046 9
2047 16
2048 20
2049 13
2050 20
2051 22
2052 15
2053 29
2054 8
2055 28
2056 13
2057 12
2058 12
2059 19
2060 6
2061 15
2062 21
2063 16
2064 16
2065 20
2066 10
2067 23
2068 15
2069 8
2070 19
2071 12
2072 15
2073 16
2074 17
2075 18
2076 26
2077 14
2078 12
2079 9
2080 17
2081 14
2082 23
2083 10
2084 12
2085 15
2086 13
2087 6
2088 17
2089 22
2090 17
2091 14
2092 16
2093 9
2094 10
2095 12
2096 12
2097 17
2098 7
2099 19
2100 11
2101 11
2102 17
2103 22
2104 14
2105 18
2106 21
2107 12
2108 12
2109 16
2110 21
2111 17
2112 18
2113 13
2114 30
2115 14
2116 20
2117 22
2118 8
2119 10
2120 15
2121 14
2122 13
2123 7
2124 11
2125 9
2126 18
2127 13
2128 10
2129 7
2130 17
2131 17
2132 16
2133 26
2134 15
2135 7
2136 18
2137 8
2138 21
2139 8
2140 21
2141 15
2142 16
2143 15
2144 13
2145 13
2146 27
2147 29
2148 24
2149 27
2150 13
2151 10
2152 7
2153 18
2154 16
2155 14
2156 13
2157 8
2158 15
2159 11
2160 12
2161 13
2162 9
2163 21
2164 21
2165 19
2166 13
2167 22
2168 8
2169 17
2170 13
2171 35
2172 16
2173 13
2174 14
2175 10
2176 10
2177 9
2178 18
2179 11
2180 23
2181 16
2182 24
2183 11
2184 17
2185 13
2186 17
2187 11
2188 7
2189 21
2190 17
2191 19
2192 11
2193 12
2194 13
2195 22
2196 16
2197 11
2198 13
2199 17
2200 31
2201 15
2202 10
2203 28
2204 15
2205 15
2206 9
2207 8
2208 9
2209 14
2210 6
2211 8
2212 15
2213 11
2214 16
2215 20
2216 9
2217 22
2218 10
2219 24
2220 13
2221 11
2222 13
2223 19
2224 6
2225 11
2226 11
2227 13
2228 19
2229 14
2230 23
2231 16
2232 16
2233 31
2234 13
2235 14
2236 29
2237 9
2238 14
2239 9
2240 19
2241 9
2242 15
2243 19
2244 14
2245 20
2246 11
2247 11
2248 13
2249 12
2250 26
2251 13
2252 27
2253 15
2254 21
2255 17
2256 14
2257 12
2258 13
2259 13
2260 12
2261 17
2262 7
2263 23
2264 19
2265 22
2266 23
2267 9
2268 16
2269 20
2270 16
2271 21
2272 11
2273 29
2274 8
2275 12
2276 14
2277 14
2278 9
2279 8
2280 9
2281 16
2282 10
2283 11
2284 11
2285 13
2286 13
2287 8
2288 14
2289 12
2290 15
2291 8
2292 24
2293 24
2294 13
2295 14
2296 15
2297 13
2298 15
2299 19
2300 17
2301 13
2302 14
2303 14
2304 17
2305 8
2306 14
2307 12
2308 13
2309 21
2310 29
2311 31
2312 15
2313 22
2314 26
2315 27
2316 12
2317 6
2318 20
2319 21
2320 16
2321 17
2322 10
2323 13
2324 22
2325 14
2326 22
2327 16
2328 27
2329 13
2330 20
2331 18
2332 18
2333 17
2334 9
2335 13
2336 16
2337 16
2338 17
2339 21
2340 11
2341 11
2342 8
2343 11
2344 19
2345 12
2346 14
2347 16
2348 10
2349 19
2350 15
2351 23
2352 13
2353 10
2354 11
2355 32
2356 21
2357 35
2358 13
2359 6
2360 23
2361 24
2362 27
2363 18
2364 28
2365 9
2366 7
2367 19
2368 27
2369 8
2370 14
2371 23
2372 11
2373 13
2374 13
2375 15
2376 11
2377 12
2378 17
2379 18
2380 13
2381 28
2382 10
2383 28
2384 11
2385 22
2386 9
2387 11
2388 19
2389 15
2390 17
2391 24
2392 7
2393 20
2394 11
2395 10
2396 20
2397 16
2398 8
2399 11
2400 13
2401 23
2402 13
2403 12
2404 9
2405 7
2406 14
2407 8
2408 14
2409 15
2410 24
2411 15
2412 13
2413 16
2414 16
2415 23
2416 14
2417 30
2418 8
2419 7
2420 20
2421 13
2422 20
2423 12
2424 17
2425 13
2426 24
2427 15
2428 23
2429 17
2430 16
2431 15
2432 19
2433 14
2434 18
2435 24
2436 14
2437 12
2438 13
2439 22
2440 18
2441 26
2442 16
2443 13
2444 15
2445 11
2446 28
2447 12
2448 12
2449 9
2450 19
2451 13
2452 18
2453 13
2454 14
2455 14
2456 13
2457 22
2458 10
2459 41
2460 11
2461 37
2462 15
2463 18
2464 17
2465 17
2466 15
2467 11
2468 20
2469 15
2470 10
2471 16
2472 14
2473 22
2474 18
2475 20
2476 15
2477 11
2478 18
2479 20
2480 14
2481 19
2482 13
2483 18
2484 25
2485 11
2486 16
2487 4
2488 11
2489 12
2490 21
2491 15
2492 26
2493 15
2494 10
2495 21
2496 20
2497 12
2498 17
2499 24
2500 24
2501 36
2502 19
2503 14
2504 13
2505 11
2506 12
2507 16
2508 23
2509 11
2510 28
2511 9
2512 17
2513 19
2514 14
2515 15
2516 10
2517 18
2518 18
2519 17
2520 13
2521 14
2522 12
2523 14
2524 10
2525 13
2526 7
2527 23
2528 12
2529 13
2530 30
2531 16
2532 15
2533 20
2534 15
2535 20
2536 20
2537 15
2538 12
2539 16
2540 30
2541 24
2542 11
2543 18
2544 19
2545 14
2546 18
2547 6
2548 15
2549 14
2550 20
2551 20
2552 27
2553 12
2554 19
2555 11
2556 8
2557 20
2558 15
2559 21
2560 21
2561 26
2562 22
2563 12
2564 10
2565 18
2566 15
2567 12
2568 13
2569 6
2570 18
2571 15
2572 26
2573 14
2574 16
2575 6
2576 9
2577 19
2578 14
2579 13
2580 10
2581 9
2582 18
2583 21
2584 23
2585 25
2586 14
2587 18
2588 12
2589 17
2590 16
2591 13
2592 19
2593 11
2594 19
2595 9
2596 14
2597 29
2598 9
2599 19
2600 32
2601 22
2602 14
2603 12
2604 9
2605 18
2606 21
2607 19
2608 10
2609 19
2610 10
2611 8
2612 13
2613 6
2614 13
2615 12
2616 9
2617 19
2618 11
2619 26
2620 12
2621 26
2622 12
2623 8
2624 12
2625 21
2626 21
2627 14
2628 12
2629 9
2630 16
2631 15
2632 9
2633 12
2634 19
2635 15
2636 6
2637 14
2638 18
2639 26
2640 15
2641 25
2642 24
2643 10
2644 16
2645 13
2646 23
2647 8
2648 11
2649 10
2650 9
2651 17
2652 13
2653 15
2654 11
2655 9
2656 9
2657 27
2658 13
2659 12
2660 22
2661 20
2662 10
2663 8
2664 11
2665 11
2666 25
2667 7
2668 21
2669 15
2670 9
2671 17
2672 16
2673 22
2674 13
2675 28
2676 14
2677 20
2678 10
2679 34
2680 28
2681 19
2682 13
2683 10
2684 15
2685 24
2686 13
2687 30
2688 14
2689 20
2690 16
2691 14
2692 25
2693 21
2694 11
2695 9
2696 23
2697 5
2698 18
2699 18
2700 26
2701 19
2702 32
2703 35
2704 15
2705 11
2706 11
2707 23
2708 22
2709 10
2710 15
2711 20
2712 11
2713 12
2714 22
2715 12
2716 13
2717 24
2718 20
2719 7
2720 12
2721 10
2722 32
2723 28
2724 13
2725 7
2726 14
2727 14
2728 12
2729 12
2730 16
2731 26
2732 7
2733 7
2734 12
2735 14
2736 16
2737 14
2738 19
2739 8
2740 13
2741 9
2742 23
2743 19
2744 12
2745 17
2746 10
2747 15
2748 14
2749 12
2750 17
2751 6
2752 23
2753 23
2754 12
2755 13
2756 10
2757 7
2758 20
2759 11
2760 20
2761 15
2762 11
2763 7
2764 9
2765 17
2766 15
2767 19
2768 18
2769 15
2770 18
2771 16
2772 18
2773 9
2774 24
2775 14
2776 16
2777 11
2778 12
2779 15
2780 12
2781 18
2782 20
2783 19
2784 14
2785 13
2786 13
2787 19
2788 10
2789 11
2790 8
2791 30
2792 10
2793 14
2794 12
2795 24
2796 7
2797 12
2798 11
2799 11
2800 20
2801 10
2802 13
2803 13
2804 30
2805 7
2806 13
2807 8
2808 27
2809 33
2810 18
2811 6
2812 9
2813 16
2814 11
2815 22
2816 11
2817 13
2818 10
2819 15
2820 11
2821 13
2822 17
2823 19
2824 14
2825 11
2826 29
2827 13
2828 20
2829 24
2830 13
2831 18
2832 16
2833 14
2834 18
2835 20
2836 13
2837 10
2838 8
2839 10
2840 15
2841 15
2842 16
2843 18
2844 13
2845 11
2846 15
2847 14
2848 12
2849 16
2850 24
2851 8
2852 16
2853 11
2854 11
2855 8
2856 13
2857 10
2858 11
2859 17
2860 17
2861 26
2862 8
2863 7
2864 22
2865 15
2866 18
2867 21
2868 19
2869 23
2870 9
2871 24
2872 15
2873 12
2874 13
2875 14
2876 28
2877 13
2878 17
2879 10
2880 15
2881 6
2882 10
2883 19
2884 15
2885 10
2886 12
2887 25
2888 13
2889 11
2890 17
2891 9
2892 17
2893 19
2894 24
2895 32
2896 10
2897 10
2898 14
2899 24
2900 24
2901 17
2902 10
2903 16
2904 17
2905 10
2906 14
2907 12
2908 19
2909 19
2910 18
2911 19
2912 13
2913 15
2914 7
2915 15
2916 23
2917 18
2918 15
2919 22
2920 13
2921 18
2922 30
2923 13
2924 11
2925 19
2926 17
2927 15
2928 12
2929 25
2930 18
2931 21
2932 13
2933 13
2934 11
2935 12
2936 14
2937 13
2938 21
2939 17
2940 22
2941 9
2942 11
2943 16
2944 9
2945 16
2946 19
2947 18
2948 7
2949 6
2950 14
2951 19
2952 6
2953 9
2954 27
2955 7
2956 7
2957 10
2958 14
2959 12
2960 12
2961 12
2962 11
2963 15
2964 23
2965 12
2966 17
2967 30
2968 11
2969 13
2970 12
2971 24
2972 18
2973 12
2974 9
2975 16
2976 14
2977 7
2978 10
2979 12
2980 14
2981 13
2982 12
2983 21
2984 9
2985 31
2986 14
2987 14
2988 10
2989 11
2990 14
2991 22
2992 22
2993 11
2994 22
2995 16
2996 34
2997 12
2998 13
2999 13
3000 17
3001 10
3002 15
3003 15
3004 18
3005 13
3006 8
3007 26
3008 10
3009 10
3010 5
3011 13
3012 17
3013 20
3014 15
3015 9
3016 9
3017 10
3018 11
3019 5
3020 17
3021 10
3022 14
3023 19
3024 12
3025 15
3026 22
3027 18
3028 20
3029 17
3030 7
3031 12
3032 10
3033 14
3034 17
3035 16
3036 21
3037 14
3038 17
3039 14
3040 9
3041 17
3042 17
3043 24
3044 26
3045 20
3046 7
3047 7
3048 19
3049 9
3050 11
3051 30
3052 14
3053 11
3054 9
3055 5
3056 19
3057 15
3058 11
3059 26
3060 23
3061 14
3062 15
3063 16
3064 12
3065 21
3066 18
3067 16
3068 8
3069 12
3070 17
3071 16
3072 24
3073 18
3074 12
3075 22
3076 24
3077 9
3078 13
3079 14
3080 13
3081 9
3082 13
3083 19
3084 9
3085 9
3086 21
3087 11
3088 11
3089 7
3090 11
3091 24
3092 12
3093 17
3094 13
3095 16
3096 8
3097 12
3098 13
3099 9
3100 12
3101 17
3102 13
3103 14
3104 12
3105 13
3106 10
3107 14
3108 10
3109 6
3110 15
3111 16
3112 23
3113 23
3114 9
3115 8
3116 25
3117 13
3118 16
3119 8
3120 13
3121 15
3122 17
3123 14
3124 27
3125 10
3126 7
3127 7
3128 15
3129 17
3130 12
3131 15
3132 15
3133 9
3134 18
3135 10
3136 7
3137 11
3138 12
3139 20
3140 13
3141 15
3142 19
3143 23
3144 28
3145 12
3146 13
3147 21
3148 33
3149 15
3150 8
3151 13
3152 18
3153 13
3154 12
3155 25
3156 14
3157 17
3158 9
3159 16
3160 12
3161 23
3162 13
3163 12
3164 13
3165 21
3166 13
3167 11
3168 12
3169 8
3170 23
3171 10
3172 22
3173 10
3174 22
3175 23
3176 19
3177 12
3178 26
3179 9
3180 17
3181 6
3182 28
3183 14
3184 13
3185 15
3186 29
3187 10
3188 11
3189 9
3190 20
3191 18
3192 21
3193 19
3194 10
3195 19
3196 22
3197 7
3198 12
3199 18
3200 25
3201 20
3202 6
3203 10
3204 20
3205 14
3206 17
3207 15
3208 15
3209 18
3210 24
3211 17
3212 14
3213 7
3214 14
3215 14
3216 21
3217 17
3218 21
3219 25
3220 9
3221 12
3222 22
3223 4
3224 11
3225 8
3226 14
3227 12
3228 20
3229 26
3230 17
3231 32
3232 15
3233 22
3234 16
3235 23
3236 14
3237 5
3238 10
3239 22
3240 12
3241 22
3242 13
3243 23
3244 24
3245 4
3246 14
3247 14
3248 30
3249 16
3250 24
3251 25
3252 7
3253 30
3254 14
3255 7
3256 14
3257 24
3258 10
3259 10
3260 21
3261 17
3262 8
3263 12
3264 21
3265 9
3266 11
3267 20
3268 18
3269 5
3270 15
3271 22
3272 24
3273 18
3274 15
3275 16
3276 22
3277 29
3278 7
3279 11
3280 14
3281 10
3282 8
3283 10
3284 12
3285 21
3286 9
3287 16
3288 19
3289 12
3290 31
3291 13
3292 5
3293 17
3294 19
3295 18
3296 10
3297 9
3298 8
3299 16
3300 11
3301 16
3302 3
3303 14
3304 14
3305 18
3306 13
3307 10
3308 12
3309 12
3310 7
3311 14
3312 19
3313 4
3314 12
3315 7
3316 16
3317 11
3318 11
3319 11
3320 15
3321 13
3322 10
3323 13
3324 27
3325 21
3326 29
3327 16
3328 22
3329 25
3330 12
3331 17
3332 6
3333 10
3334 19
3335 19
3336 17
3337 16
3338 21
3339 15
3340 6
3341 8
3342 15
3343 7
3344 15
3345 12
3346 8
3347 20
3348 14
3349 19
3350 18
3351 7
3352 28
3353 13
3354 12
3355 13
3356 12
3357 21
3358 27
3359 13
3360 14
3361 12
3362 12
3363 12
3364 16
3365 19
3366 11
3367 29
3368 13
3369 11
3370 18
3371 16
3372 12
3373 9
3374 14
3375 16
3376 8
3377 12
3378 27
3379 17
3380 22
3381 18
3382 10
3383 11
3384 18
3385 10
3386 28
3387 17
3388 19
3389 13
3390 16
3391 15
3392 20
3393 20
3394 11
3395 14
3396 12
3397 18
3398 7
3399 8
3400 13
3401 13
3402 21
3403 12
3404 14
3405 24
3406 14
3407 10
3408 7
3409 14
3410 11
3411 20
3412 16
3413 17
3414 6
3415 24
3416 17
3417 16
3418 19
3419 10
3420 16
3421 18
3422 31
3423 12
3424 13
3425 22
3426 9
3427 8
3428 20
3429 21
3430 18
3431 8
3432 20
3433 11
3434 9
3435 13
3436 20
3437 20
3438 18
3439 11
3440 24
3441 15
3442 17
3443 10
3444 14
3445 20
3446 21
3447 20
3448 13
3449 17
3450 15
3451 16
3452 10
3453 17
3454 10
3455 12
3456 8
3457 22
3458 17
3459 10
3460 17
3461 14
3462 17
3463 10
3464 15
3465 6
3466 15
3467 19
3468 6
3469 10
3470 15
3471 10
3472 10
3473 16
3474 16
3475 20
3476 9
3477 31
3478 18
3479 23
3480 14
3481 32
3482 13
3483 16
3484 18
3485 13
3486 18
3487 14
3488 24
3489 15
3490 13
3491 12
3492 23
3493 12
3494 9
3495 10
3496 12
3497 31
3498 9
3499 9
3500 19
3501 14
3502 18
3503 11
3504 11
3505 11
3506 20
3507 19
3508 12
3509 10
3510 12
3511 13
3512 8
3513 11
3514 9
3515 24
3516 19
3517 10
3518 12
3519 18
3520 9
3521 10
3522 16
3523 12
3524 25
3525 10
3526 25
3527 14
3528 25
3529 12
3530 10
3531 14
3532 12
3533 14
3534 24
3535 18
3536 12
3537 25
3538 12
3539 27
3540 29
3541 15
3542 17
3543 12
3544 12
3545 21
3546 16
3547 19
3548 12
3549 24
3550 17
3551 13
3552 11
3553 20
3554 14
3555 17
3556 17
3557 7
3558 22
3559 21
3560 9
3561 17
3562 12
3563 17
3564 20
3565 9
3566 15
3567 13
3568 21
3569 10
3570 9
3571 20
3572 20
3573 15
3574 6
3575 16
3576 16
3577 13
3578 17
3579 13
3580 15
3581 13
3582 16
3583 4
3584 8
3585 14
3586 16
3587 11
3588 17
3589 10
3590 9
3591 15
3592 21
3593 7
3594 21
3595 17
3596 25
3597 13
3598 9
3599 10
3600 9
3601 15
3602 23
3603 23
3604 17
3605 13
3606 12
3607 15
3608 11
3609 20
3610 20
3611 12
3612 14
3613 12
3614 22
3615 17
3616 13
3617 16
3618 28
3619 14
3620 8
3621 26
3622 11
3623 8
3624 6
3625 18
3626 7
3627 21
3628 20
3629 10
3630 15
3631 20
3632 23
3633 13
3634 15
3635 22
3636 24
3637 16
3638 11
3639 19
3640 13
3641 18
3642 27
3643 10
3644 20
3645 20
3646 18
3647 8
3648 21
3649 16
3650 16
3651 14
3652 22
3653 24
3654 17
3655 10
3656 12
3657 9
3658 8
3659 14
3660 18
3661 18
3662 17
3663 15
3664 16
3665 15
3666 15
3667 9
3668 12
3669 18
3670 10
3671 13
3672 10
3673 21
3674 8
3675 28
3676 12
3677 9
3678 38
3679 19
3680 17
3681 9
3682 6
3683 21
3684 10
3685 15
3686 18
3687 8
3688 9
3689 24
3690 11
3691 13
3692 13
3693 27
3694 10
3695 6
3696 16
3697 15
3698 14
3699 11
3700 9
3701 10
3702 12
3703 16
3704 10
3705 8
3706 20
3707 8
3708 14
3709 11
3710 15
3711 21
3712 17
3713 17
3714 24
3715 20
3716 14
3717 7
3718 29
3719 26
3720 15
3721 10
3722 26
3723 16
3724 24
3725 19
3726 14
3727 13
3728 11
3729 19
3730 10
3731 18
3732 12
3733 6
3734 9
3735 15
3736 19
3737 15
3738 11
3739 14
3740 15
3741 15
3742 10
3743 26
3744 12
3745 22
3746 17
3747 14
3748 7
3749 11
3750 11
3751 19
3752 13
3753 17
3754 19
3755 6
3756 24
3757 12
3758 23
3759 22
3760 11
3761 13
3762 6
3763 17
3764 15
3765 20
3766 6
3767 7
3768 19
3769 16
3770 24
3771 12
3772 16
3773 11
3774 16
3775 14
3776 12
3777 17
3778 28
3779 11
3780 12
3781 6
3782 10
3783 17
3784 25
3785 17
3786 15
3787 9
3788 11
3789 12
3790 17
3791 17
3792 14
3793 13
3794 11
3795 20
3796 17
3797 23
3798 10
3799 16
3800 16
3801 16
3802 13
3803 9
3804 20
3805 7
3806 8
3807 13
3808 21
3809 14
3810 19
3811 10
3812 22
3813 15
3814 20
3815 17
3816 14
3817 14
3818 21
3819 15
3820 12
3821 10
3822 14
3823 7
3824 13
3825 10
3826 20
3827 10
3828 9
3829 19
3830 15
3831 20
3832 14
3833 16
3834 15
3835 18
3836 21
3837 18
3838 13
3839 24
3840 15
3841 10
3842 15
3843 12
3844 19
3845 10
3846 15
3847 16
3848 5
3849 21
3850 10
3851 10
3852 22
3853 9
3854 7
3855 12
3856 32
3857 23
3858 21
3859 24
3860 27
3861 14
3862 9
3863 8
3864 16
3865 7
3866 10
3867 7
3868 11
3869 16
3870 12
3871 12
3872 10
3873 11
3874 6
3875 13
3876 25
3877 17
3878 16
3879 7
3880 13
3881 16
3882 10
3883 7
3884 15
3885 15
3886 9
3887 8
3888 17
3889 12
3890 8
3891 7
3892 12
3893 18
3894 21
3895 16
3896 14
3897 9
3898 12
3899 21
3900 10
3901 17
3902 12
3903 15
3904 12
3905 15
3906 10
3907 9
3908 7
3909 18
3910 10
3911 18
3912 21
3913 13
3914 14
3915 15
3916 20
3917 17
3918 23
3919 9
3920 22
3921 10
3922 16
3923 20
3924 13
3925 17
3926 19
3927 9
3928 12
3929 11
3930 19
3931 26
3932 10
3933 15
3934 8
3935 12
3936 12
3937 22
3938 9
3939 12
3940 17
3941 10
3942 15
3943 17
3944 16
3945 14
3946 8
3947 13
3948 12
3949 22
3950 13
3951 18
3952 13
3953 23
3954 9
3955 14
3956 18
3957 13
3958 19
3959 12
3960 14
3961 23
3962 21
3963 9
3964 16
3965 13
3966 25
3967 11
3968 19
3969 15
3970 9
3971 13
3972 19
3973 15
3974 14
3975 9
3976 34
3977 14
3978 16
3979 10
3980 15
3981 26
3982 27
3983 27
3984 15
3985 7
3986 18
3987 12
3988 17
3989 8
3990 12
3991 17
3992 19
3993 13
3994 20
3995 7
3996 28
3997 15
3998 30
3999 12
4000 16
4001 5
4002 12
4003 26
4004 19
4005 2
4006 14
4007 24
4008 18
4009 11
4010 15
4011 15
4012 16
4013 21
4014 9
4015 8
4016 19
4017 14
4018 13
4019 16
4020 7
4021 7
4022 13
4023 12
4024 17
4025 17
4026 8
4027 11
4028 14
4029 9
4030 10
4031 9
4032 15
4033 5
4034 11
4035 13
4036 12
4037 9
4038 11
4039 17
4040 20
4041 22
4042 15
4043 14
4044 12
4045 18
4046 9
4047 22
4048 9
4049 30
4050 12
4051 10
4052 11
4053 16
4054 7
4055 18
4056 10
4057 11
4058 17
4059 12
4060 17
4061 16
4062 16
4063 17
4064 14
4065 15
4066 13
4067 8
4068 8
4069 19
4070 17
4071 20
4072 15
4073 28
4074 7
4075 30
4076 12
4077 34
4078 18
4079 20
4080 16
4081 23
4082 10
4083 12
4084 9
4085 21
4086 8
4087 10
4088 10
4089 12
4090 23
4091 19
4092 8
4093 29
4094 11
4095 14
4096 11
4097 9
4098 23
4099 29
4100 17
4101 19
4102 13
4103 13
4104 23
4105 13
4106 10
4107 16
4108 15
4109 20
4110 13
4111 14
4112 10
4113 14
4114 19
4115 20
4116 9
4117 17
4118 10
4119 16
4120 14
4121 17
4122 19
4123 26
4124 9
4125 14
4126 12
4127 8
4128 8
4129 23
4130 19
4131 12
4132 13
4133 13
4134 7
4135 13
4136 6
4137 25
4138 20
4139 12
4140 8
4141 13
4142 20
4143 15
4144 16
4145 6
4146 32
4147 17
4148 10
4149 16
4150 14
4151 21
4152 12
4153 12
4154 16
4155 27
4156 13
4157 12
4158 17
4159 7
4160 20
4161 12
4162 11
4163 27
4164 18
4165 9
4166 20
4167 28
4168 19
4169 7
4170 15
4171 16
4172 9
4173 13
4174 14
4175 25
4176 14
4177 21
4178 18
4179 18
4180 14
4181 18
4182 13
4183 17
4184 19
4185 18
4186 26
4187 7
4188 31
4189 12
4190 6
4191 11
4192 15
4193 12
4194 18
4195 10
4196 8
4197 10
4198 27
4199 22
4200 12
4201 7
4202 17
4203 20
4204 16
4205 21
4206 8
4207 19
4208 18
4209 15
4210 12
4211 12
4212 15
4213 15
4214 7
4215 19
4216 12
4217 17
4218 11
4219 7
4220 6
4221 27
4222 21
4223 12
4224 9
4225 7
4226 10
4227 21
4228 26
4229 22
4230 26
4231 19
4232 10
4233 8
4234 13
4235 16
4236 10
4237 16
4238 7
4239 14
4240 14
4241 22
4242 9
4243 9
4244 10
4245 8
4246 11
4247 16
4248 11
4249 14
4250 8
4251 12
4252 6
4253 19
4254 10
4255 22
4256 14
4257 4
4258 29
4259 10
4260 11
4261 19
4262 25
4263 12
4264 18
4265 15
4266 14
4267 10
4268 8
4269 22
4270 27
4271 7
4272 12
4273 13
4274 11
4275 19
4276 13
4277 13
4278 11
4279 16
4280 11
4281 19
4282 19
4283 11
4284 9
4285 17
4286 12
4287 17
4288 8
4289 25
4290 12
4291 19
4292 10
4293 22
4294 10
4295 8
4296 11
4297 14
4298 13
4299 21
4300 12
4301 18
4302 13
4303 20
4304 10
4305 16
4306 9
4307 17
4308 18
4309 19
4310 12
4311 14
4312 20
4313 14
4314 19
4315 6
4316 21
4317 18
4318 11
4319 11
4320 17
4321 20
4322 12
4323 22
4324 30
4325 13
4326 30
4327 16
4328 9
4329 13
4330 13
4331 7
4332 15
4333 12
4334 13
4335 26
4336 15
4337 14
4338 14
4339 39
4340 11
4341 14
4342 21
4343 10
4344 14
4345 10
4346 4
4347 26
4348 17
4349 23
4350 23
4351 14
4352 11
4353 13
4354 13
4355 23
4356 17
4357 15
4358 24
4359 31
4360 8
4361 18
4362 31
4363 14
4364 6
4365 13
4366 8
4367 18
4368 23
4369 10
4370 20
4371 22
4372 10
4373 16
4374 10
4375 14
4376 10
4377 16
4378 24
4379 4
4380 9
4381 9
4382 19
4383 26
4384 15
4385 13
4386 20
4387 7
4388 20
4389 30
4390 17
4391 10
4392 12
4393 12
4394 16
4395 18
4396 37
4397 23
4398 17
4399 10
4400 14
4401 10
4402 13
4403 19
4404 20
4405 17
4406 13
4407 14
4408 9
4409 25
4410 12
4411 11
4412 7
4413 10
4414 19
4415 20
4416 14
4417 12
4418 20
4419 11
4420 11
4421 31
4422 16
4423 12
4424 14
4425 10
4426 6
4427 11
4428 12
4429 9
4430 6
4431 19
4432 12
4433 12
4434 17
4435 12
4436 11
4437 14
4438 37
4439 12
4440 14
4441 17
4442 16
4443 20
4444 9
4445 12
4446 17
4447 11
4448 10
4449 13
4450 13
4451 16
4452 12
4453 29
4454 14
4455 18
4456 10
4457 10
4458 12
4459 26
4460 12
4461 14
4462 25
4463 12
4464 6
4465 9
4466 13
4467 7
4468 7
4469 18
4470 16
4471 18
4472 28
4473 13
4474 12
4475 15
4476 12
4477 13
4478 17
4479 12
4480 10
4481 19
4482 13
4483 21
4484 13
4485 11
4486 26
4487 14
4488 19
4489 14
4490 23
4491 29
4492 12
4493 12
4494 11
4495 14
4496 7
4497 13
4498 25
4499 14
4500 6
4501 15
4502 35
4503 8
4504 8
4505 9
4506 25
4507 9
4508 9
4509 9
4510 17
4511 16
4512 12
4513 17
4514 8
4515 20
4516 9
4517 7
4518 16
4519 12
4520 13
4521 15
4522 6
4523 21
4524 16
4525 14
4526 18
4527 15
4528 10
4529 13
4530 23
4531 8
4532 11
4533 21
4534 14
4535 17
4536 13
4537 11
4538 22
4539 25
4540 12
4541 19
4542 10
4543 19
4544 14
4545 21
4546 13
4547 13
4548 8
4549 10
4550 14
4551 20
4552 13
4553 11
4554 18
4555 26
4556 23
4557 10
4558 27
4559 11
4560 14
4561 10
4562 11
4563 18
4564 11
4565 14
4566 16
4567 28
4568 14
4569 15
4570 8
4571 14
4572 16
4573 17
4574 20
4575 11
4576 9
4577 8
4578 16
4579 15
4580 17
4581 18
4582 16
4583 21
4584 10
4585 15
4586 13
4587 12
4588 18
4589 13
4590 23
4591 18
4592 16
4593 14
4594 21
4595 21
4596 17
4597 10
4598 19
4599 13
4600 16
4601 22
4602 26
4603 20
4604 9
4605 12
4606 17
4607 17
4608 13
4609 15
4610 13
4611 13
4612 15
4613 16
4614 8
4615 41
4616 6
4617 10
4618 24
4619 18
4620 15
4621 13
4622 15
4623 13
4624 14
4625 12
4626 6
4627 9
4628 11
4629 17
4630 13
4631 16
4632 13
4633 13
4634 13
4635 18
4636 20
4637 24
4638 16
4639 13
4640 19
4641 14
4642 21
4643 18
4644 30
4645 17
4646 6
4647 6
4648 21
4649 7
4650 9
4651 24
4652 10
4653 21
4654 26
4655 15
4656 6
4657 24
4658 5
4659 16
4660 11
4661 11
4662 9
4663 19
4664 10
4665 23
4666 18
4667 8
4668 7
4669 11
4670 11
4671 26
4672 24
4673 19
4674 13
4675 14
4676 8
4677 14
4678 10
4679 16
4680 21
4681 10
4682 28
4683 12
4684 10
4685 17
4686 9
4687 17
4688 13
4689 25
4690 15
4691 12
4692 11
4693 22
4694 11
4695 9
4696 11
4697 14
4698 12
4699 13
4700 14
4701 9
4702 10
4703 9
4704 15
4705 23
4706 22
4707 16
4708 19
4709 10
4710 14
4711 25
4712 10
4713 10
4714 16
4715 21
4716 27
4717 11
4718 9
4719 17
4720 12
4721 16
4722 28
4723 12
4724 8
4725 20
4726 34
4727 26
4728 9
4729 10
4730 12
4731 16
4732 8
4733 10
4734 15
4735 18
4736 22
4737 13
4738 18
4739 18
4740 24
4741 12
4742 19
4743 13
4744 9
4745 23
4746 21
4747 13
4748 12
4749 10
4750 6
4751 22
4752 13
4753 13
4754 6
4755 21
4756 12
4757 8
4758 17
4759 10
4760 18
4761 13
4762 9
4763 14
4764 18
4765 7
4766 8
4767 15
4768 10
4769 11
4770 16
4771 17
4772 12
4773 14
4774 13
4775 20
4776 21
4777 17
4778 9
4779 9
4780 14
4781 26
4782 21
4783 12
4784 12
4785 7
4786 16
4787 7
4788 21
4789 14
4790 10
4791 8
4792 11
4793 12
4794 12
4795 14
4796 29
4797 16
4798 11
4799 18
4800 18
4801 15
4802 15
4803 24
4804 14
4805 16
4806 20
4807 27
4808 10
4809 17
4810 13
4811 12
4812 20
4813 15
4814 14
4815 17
4816 7
4817 12
4818 14
4819 6
4820 8
4821 13
4822 9
4823 17
4824 14
4825 6
4826 17
4827 15
4828 9
4829 9
4830 28
4831 13
4832 11
4833 16
4834 14
4835 12
4836 14
4837 26
4838 24
4839 12
4840 15
4841 20
4842 18
4843 23
4844 7
4845 22
4846 14
4847 16
4848 12
4849 19
4850 12
4851 10
4852 7
4853 8
4854 11
4855 10
4856 9
4857 17
4858 11
4859 20
4860 17
4861 25
4862 23
4863 5
4864 20
4865 35
4866 12
4867 11
4868 14
4869 18
4870 16
4871 10
4872 12
4873 17
4874 12
4875 19
4876 9
4877 15
4878 17
4879 8
4880 8
4881 21
4882 5
4883 28
4884 16
4885 17
4886 10
4887 14
4888 12
4889 12
4890 19
4891 19
4892 9
4893 15
4894 9
4895 25
4896 7
4897 10
4898 16
4899 13
4900 12
4901 18
4902 13
4903 10
4904 31
4905 9
4906 14
4907 20
4908 27
4909 8
4910 18
4911 9
4912 8
4913 17
4914 15
4915 11
4916 10
4917 18
4918 19
4919 13
4920 18
4921 34
4922 10
4923 22
4924 14
4925 7
4926 10
4927 21
4928 17
4929 5
4930 20
4931 14
4932 23
4933 12
4934 15
4935 16
4936 8
4937 12
4938 18
4939 10
4940 13
4941 14
4942 18
4943 14
4944 13
4945 18
4946 14
4947 11
4948 14
4949 25
4950 16
4951 13
4952 23
4953 11
4954 21
4955 23
4956 7
4957 19
4958 12
4959 17
4960 11
4961 10
4962 18
4963 10
4964 19
4965 13
4966 18
4967 13
4968 15
4969 13
4970 16
4971 8
4972 13
4973 17
4974 26
4975 17
4976 14
4977 13
4978 20
4979 21
4980 12
4981 12
4982 16
4983 23
4984 13
4985 13
4986 19
4987 18
4988 20
4989 21
4990 10
4991 15
4992 24
4993 20
4994 16
4995 9
4996 16
4997 19
4998 16
4999 23
5000 11
5001 28
5002 13
5003 9
5004 10
5005 17
5006 10
5007 14
5008 13
5009 7
5010 15
5011 19
5012 17
5013 10
5014 15
5015 19
5016 17
5017 13
5018 22
5019 15
5020 14
5021 10
5022 29
5023 14
5024 14
5025 18
5026 11
5027 12
5028 9
5029 9
5030 12
5031 18
5032 17
5033 18
5034 13
5035 17
5036 7
5037 14
5038 24
5039 13
5040 14
5041 5
5042 11
5043 17
5044 14
5045 12
5046 14
5047 11
5048 14
5049 30
5050 11
5051 11
5052 14
5053 10
5054 16
5055 13
5056 15
5057 18
5058 16
5059 20
5060 20
5061 29
5062 24
5063 17
5064 29
5065 26
5066 22
5067 22
5068 17
5069 15
5070 11
5071 14
5072 11
5073 9
5074 21
5075 17
5076 7
5077 18
5078 11
5079 14
5080 7
5081 19
5082 14
5083 15
5084 13
5085 12
5086 14
5087 8
5088 13
5089 14
5090 15
5091 22
5092 13
5093 16
5094 16
5095 14
5096 5
5097 10
5098 14
5099 16
5100 8
5101 19
5102 13
5103 7
5104 17
5105 14
5106 24
5107 10
5108 8
5109 11
5110 28
5111 14
5112 21
5113 8
5114 9
5115 14
5116 13
5117 17
5118 9
5119 20
5120 18
5121 17
5122 29
5123 13
5124 15
5125 24
5126 11
5127 15
5128 12
5129 12
5130 14
5131 17
5132 11
5133 12
5134 10
5135 10
5136 20
5137 14
5138 25
5139 17
5140 13
5141 16
5142 9
5143 22
5144 19
5145 10
5146 10
5147 13
5148 18
5149 18
5150 9
5151 13
5152 7
5153 11
5154 18
5155 13
5156 12
5157 24
5158 25
5159 18
5160 10
5161 18
5162 21
5163 21
5164 10
5165 13
5166 11
5167 19
5168 20
5169 20
5170 16
5171 36
5172 9
5173 11
5174 12
5175 24
5176 28
5177 14
5178 7
5179 24
5180 16
5181 21
5182 12
5183 9
5184 10
5185 11
5186 12
5187 12
5188 19
5189 13
5190 17
5191 19
5192 13
5193 19
5194 12
5195 17
5196 17
5197 14
5198 14
5199 20
5200 29
5201 8
5202 11
5203 15
5204 11
5205 15
5206 16
5207 9
5208 5
5209 16
5210 14
5211 9
5212 6
5213 10
5214 10
5215 34
5216 10
5217 12
5218 10
5219 17
5220 10
5221 19
5222 13
5223 19
5224 7
5225 30
5226 12
5227 10
5228 23
5229 26
5230 10
5231 16
5232 13
5233 19
5234 24
5235 16
5236 26
5237 13
5238 6
5239 18
5240 17
5241 14
5242 14
5243 14
5244 10
5245 14
5246 23
5247 11
5248 14
5249 19
5250 21
5251 24
5252 12
5253 16
5254 7
5255 15
5256 18
5257 17
5258 10
5259 12
5260 27
5261 23
5262 14
5263 12
5264 12
5265 19
5266 23
5267 12
5268 5
5269 10
5270 14
5271 12
5272 8
5273 13
5274 14
5275 20
5276 13
5277 11
5278 23
5279 20
5280 13
5281 17
5282 20
5283 15
5284 10
5285 7
5286 13
5287 16
5288 6
5289 9
5290 17
5291 16
5292 9
5293 19
5294 14
5295 21
5296 10
5297 25
5298 19
5299 10
5300 19
5301 23
5302 9
5303 7
5304 18
5305 12
5306 15
5307 13
5308 18
5309 18
5310 29
5311 7
5312 18
5313 7
5314 17
5315 10
5316 18
5317 10
5318 6
5319 12
5320 8
5321 16
5322 9
5323 12
5324 8
5325 11
5326 16
5327 22
5328 11
5329 11
5330 15
5331 15
5332 6
5333 11
5334 16
5335 13
5336 13
5337 12
5338 21
5339 14
5340 13
5341 11
5342 8
5343 25
5344 14
5345 6
5346 7
5347 14
5348 11
5349 12
5350 16
5351 15
5352 10
5353 13
5354 12
5355 13
5356 14
5357 10
5358 14
5359 19
5360 16
5361 16
5362 10
5363 8
5364 15
5365 16
5366 21
5367 16
5368 20
5369 13
5370 21
5371 11
5372 22
5373 21
5374 16
5375 15
5376 6
5377 18
5378 10
5379 11
5380 16
5381 15
5382 17
5383 12
5384 16
5385 20
5386 16
5387 17
5388 11
5389 22
5390 23
5391 15
5392 15
5393 6
5394 21
5395 11
5396 29
5397 11
5398 5
5399 13
5400 12
5401 11
5402 18
5403 13
5404 17
5405 8
5406 10
5407 10
5408 8
5409 18
5410 11
5411 14
5412 22
5413 26
5414 16
5415 27
5416 14
5417 15
5418 16
5419 12
5420 13
5421 8
5422 12
5423 18
5424 16
5425 10
5426 28
5427 18
5428 17
5429 14
5430 15
5431 25
5432 12
5433 10
5434 20
5435 10
5436 30
5437 21
5438 14
5439 8
5440 11
5441 11
5442 8
5443 15
5444 11
5445 13
5446 10
5447 6
5448 8
5449 21
5450 18
5451 25
5452 18
5453 13
5454 22
5455 17
5456 11
5457 27
5458 13
5459 20
5460 11
5461 17
5462 10
5463 19
5464 10
5465 9
5466 32
5467 16
5468 9
5469 11
5470 12
5471 12
5472 16
5473 18
5474 11
5475 9
5476 13
5477 21
5478 20
5479 13
5480 11
5481 27
5482 16
5483 15
5484 28
5485 25
5486 11
5487 13
5488 17
5489 10
5490 8
5491 16
5492 20
5493 9
5494 10
5495 10
5496 18
5497 15
5498 20
5499 11
5500 11
5501 17
5502 11
5503 20
5504 18
5505 14
5506 18
5507 14
5508 29
5509 18
5510 9
5511 12
5512 8
5513 15
5514 11
5515 17
5516 13
5517 13
5518 17
5519 11
5520 18
5521 13
5522 9
5523 11
5524 9
5525 11
5526 19
5527 14
5528 30
5529 7
5530 11
5531 14
5532 10
5533 10
5534 8
5535 16
5536 18
5537 8
5538 18
5539 9
5540 19
5541 8
5542 12
5543 18
5544 14
5545 15
5546 12
5547 15
5548 13
5549 15
5550 11
5551 12
5552 16
5553 20
5554 17
5555 12
5556 28
5557 10
5558 9
5559 7
5560 9
5561 13
5562 11
5563 9
5564 14
5565 15
5566 11
5567 8
5568 13
5569 15
5570 11
5571 11
5572 21
5573 15
5574 17
5575 17
5576 8
5577 9
5578 25
5579 17
5580 11
5581 19
5582 24
5583 9
5584 18
5585 12
5586 33
5587 16
5588 19
5589 15
5590 30
5591 16
5592 11
5593 12
5594 23
5595 18
5596 17
5597 15
5598 14
5599 37
5600 24
5601 12
5602 23
5603 12
5604 7
5605 21
5606 10
5607 10
5608 18
5609 12
5610 12
5611 17
5612 25
5613 13
5614 15
5615 13
5616 23
5617 8
5618 17
5619 16
5620 10
5621 20
5622 21
5623 16
5624 22
5625 10
5626 7
5627 15
5628 23
5629 7
5630 22
5631 30
5632 25
5633 13
5634 31
5635 28
5636 14
5637 11
5638 22
5639 15
5640 12
5641 18
5642 10
5643 17
5644 16
5645 16
5646 12
5647 16
5648 15
5649 21
5650 16
5651 14
5652 28
5653 21
5654 5
5655 25
5656 13
5657 17
5658 21
5659 15
5660 8
5661 20
5662 11
5663 10
5664 14
5665 11
5666 20
5667 18
5668 14
5669 14
5670 21
5671 17
5672 27
5673 14
5674 11
5675 8
5676 13
5677 16
5678 20
5679 10
5680 12
5681 17
5682 16
5683 10
5684 15
5685 8
5686 10
5687 12
5688 16
5689 16
5690 14
5691 16
5692 16
5693 27
5694 26
5695 12
5696 15
5697 10
5698 20
5699 21
5700 15
5701 16
5702 11
5703 19
5704 7
5705 13
5706 12
5707 13
5708 16
5709 14
5710 17
5711 12
5712 12
5713 11
5714 27
5715 19
5716 19
5717 9
5718 17
5719 8
5720 14
5721 6
5722 14
5723 13
5724 20
5725 8
5726 8
5727 11
5728 15
5729 11
5730 20
5731 9
5732 11
5733 25
5734 10
5735 15
5736 19
5737 12
5738 18
5739 11
5740 22
5741 12
5742 11
5743 11
5744 14
5745 16
5746 11
5747 10
5748 14
5749 9
5750 26
5751 21
5752 11
5753 14
5754 10
5755 18
5756 15
5757 11
5758 16
5759 8
5760 10
5761 14
5762 19
5763 14
5764 20
5765 12
5766 21
5767 21
5768 9
5769 12
5770 8
5771 14
5772 26
5773 17
5774 10
5775 22
5776 14
5777 18
5778 23
5779 12
5780 15
5781 16
5782 14
5783 11
5784 11
5785 9
5786 12
5787 10
5788 27
5789 16
5790 13
5791 11
5792 32
5793 10
5794 13
5795 12
5796 25
5797 21
5798 12
5799 9
5800 18
5801 14
5802 13
5803 19
5804 10
5805 9
5806 6
5807 11
5808 13
5809 13
5810 16
5811 13
5812 8
5813 6
5814 12
5815 25
5816 11
5817 19
5818 22
5819 20
5820 23
5821 23
5822 11
5823 19
5824 15
5825 10
5826 7
5827 13
5828 14
5829 14
5830 17
5831 8
5832 15
5833 12
5834 15
5835 17
5836 11
5837 10
5838 18
5839 8
5840 19
5841 12
5842 14
5843 17
5844 10
5845 13
5846 22
5847 11
5848 15
5849 20
5850 6
5851 15
5852 15
5853 12
5854 10
5855 14
5856 12
5857 13
5858 9
5859 18
5860 12
5861 12
5862 10
5863 19
5864 26
5865 6
5866 12
5867 8
5868 18
5869 10
5870 14
5871 10
5872 18
5873 8
5874 16
5875 13
5876 12
5877 20
5878 13
5879 13
5880 32
5881 7
5882 15
5883 15
5884 9
5885 13
5886 18
5887 16
5888 19
5889 9
5890 9
5891 21
5892 15
5893 14
5894 15
5895 17
5896 11
5897 22
5898 20
5899 34
5900 17
5901 20
5902 14
5903 21
5904 17
5905 16
5906 14
5907 29
5908 8
5909 10
5910 8
5911 19
5912 8
5913 8
5914 10
5915 8
5916 22
5917 11
5918 18
5919 18
5920 30
5921 14
5922 18
5923 23
5924 23
5925 23
5926 19
5927 13
5928 13
5929 16
5930 18
5931 13
5932 16
5933 9
5934 13
5935 10
5936 17
5937 21
5938 35
5939 11
5940 8
5941 15
5942 10
5943 10
5944 14
5945 7
5946 22
5947 11
5948 13
5949 11
5950 11
5951 13
5952 21
5953 21
5954 8
5955 12
5956 8
5957 13
5958 9
5959 17
5960 24
5961 18
5962 11
5963 15
5964 19
5965 12
5966 11
5967 14
5968 11
5969 16
5970 14
5971 15
5972 20
5973 9
5974 11
5975 23
5976 16
5977 10
5978 18
5979 20
5980 14
5981 12
5982 14
5983 7
5984 9
5985 32
5986 15
5987 20
5988 18
5989 16
5990 17
5991 12
5992 9
5993 19
5994 19
5995 11
5996 22
5997 12
5998 16
5999 12
6000 16
6001 9
6002 14
6003 17
6004 9
6005 17
6006 16
6007 12
6008 17
6009 16
6010 10
6011 17
6012 15
6013 19
6014 15
6015 15
6016 20
6017 25
6018 26
6019 17
6020 9
6021 10
6022 12
6023 24
6024 16
6025 12
6026 17
6027 17
6028 9
6029 9
6030 10
6031 7
6032 16
6033 21
6034 23
6035 10
6036 17
6037 17
6038 17
6039 6
6040 19
6041 29
6042 11
6043 17
6044 15
6045 10
6046 7
6047 20
6048 10
6049 9
6050 9
6051 15
6052 9
6053 29
6054 10
6055 14
6056 34
6057 18
6058 16
6059 14
6060 7
6061 10
6062 12
6063 25
6064 18
6065 16
6066 12
6067 18
6068 18
6069 14
6070 16
6071 13
6072 8
6073 16
6074 12
6075 36
6076 22
6077 15
6078 12
6079 8
6080 9
6081 23
6082 22
6083 15
6084 23
6085 11
6086 13
6087 21
6088 15
6089 16
6090 7
6091 12
6092 6
6093 18
6094 11
6095 13
6096 18
6097 15
6098 21
6099 16
6100 20
6101 9
6102 16
6103 20
6104 19
6105 13
6106 13
6107 19
6108 12
6109 18
6110 12
6111 10
6112 14
6113 16
6114 24
6115 15
6116 29
6117 7
6118 21
6119 19
6120 25
6121 20
6122 18
6123 17
6124 9
6125 15
6126 13
6127 18
6128 12
6129 22
6130 13
6131 22
6132 8
6133 20
6134 6
6135 12
6136 7
6137 12
6138 12
6139 14
6140 20
6141 14
6142 14
6143 11
6144 13
6145 18
6146 12
6147 21
6148 10
6149 14
6150 16
6151 16
6152 8
6153 24
6154 15
6155 25
6156 26
6157 15
6158 16
6159 17
6160 18
6161 9
6162 12
6163 8
6164 10
6165 17
6166 21
6167 8
6168 23
6169 17
6170 12
6171 17
6172 11
6173 9
6174 16
6175 23
6176 19
6177 10
6178 12
6179 13
6180 14
6181 12
6182 10
6183 24
6184 20
6185 28
6186 16
6187 26
6188 8
6189 14
6190 13
6191 6
6192 24
6193 18
6194 15
6195 7
6196 16
6197 12
6198 10
6199 16
6200 14
6201 15
6202 23
6203 9
6204 21
6205 24
6206 11
6207 12
6208 11
6209 15
6210 11
6211 13
6212 10
6213 14
6214 12
6215 8
6216 23
6217 9
6218 13
6219 13
6220 11
6221 10
6222 17
6223 13
6224 5
6225 11
6226 14
6227 11
6228 13
6229 11
6230 20
6231 9
6232 18
6233 12
6234 10
6235 10
6236 15
6237 15
6238 12
6239 12
6240 13
6241 11
6242 28
6243 10
6244 14
6245 11
6246 32
6247 33
6248 12
6249 7
6250 21
6251 8
6252 16
6253 15
6254 19
6255 31
6256 12
6257 24
6258 5
6259 12
6260 18
6261 8
6262 26
6263 10
6264 10
6265 15
6266 14
6267 13
6268 11
6269 7
6270 10
6271 9
6272 16
6273 11
6274 15
6275 16
6276 6
6277 14
6278 11
6279 9
6280 16
6281 9
6282 9
6283 15
6284 13
6285 15
6286 12
6287 18
6288 27
6289 16
6290 20
6291 11
6292 11
6293 17
6294 17
6295 14
6296 10
6297 10
6298 19
6299 16
6300 9
6301 19
6302 15
6303 20
6304 9
6305 19
6306 18
6307 20
6308 20
6309 14
6310 13
6311 22
6312 8
6313 20
6314 10
6315 8
6316 15
6317 6
6318 20
6319 20
6320 22
6321 27
6322 14
6323 25
6324 9
6325 14
6326 32
6327 11
6328 28
6329 13
6330 21
6331 11
6332 13
6333 18
6334 14
6335 16
6336 13
6337 19
6338 17
6339 10
6340 16
6341 15
6342 10
6343 14
6344 16
6345 18
6346 18
6347 38
6348 11
6349 17
6350 16
6351 14
6352 44
6353 9
6354 28
6355 11
6356 9
6357 25
6358 12
6359 9
6360 14
6361 15
6362 9
6363 26
6364 14
6365 14
6366 15
6367 24
6368 18
6369 23
6370 13
6371 24
6372 16
6373 16
6374 6
6375 14
6376 9
6377 15
6378 21
6379 14
6380 16
6381 16
6382 14
6383 9
6384 12
6385 12
6386 7
6387 7
6388 14
6389 8
6390 9
6391 13
6392 23
6393 14
6394 8
6395 14
6396 22
6397 11
6398 11
6399 12
6400 17
6401 16
6402 12
6403 15
6404 9
6405 7
6406 8
6407 13
6408 8
6409 18
6410 15
6411 24
6412 9
6413 14
6414 22
6415 10
6416 12
6417 11
6418 6
6419 26
6420 14
6421 11
6422 9
6423 12
6424 19
6425 15
6426 7
6427 10
6428 28
6429 9
6430 14
6431 11
6432 16
6433 18
6434 10
6435 13
6436 11
6437 13
6438 12
6439 12
6440 18
6441 17
6442 11
6443 20
6444 8
6445 8
6446 12
6447 21
6448 20
6449 20
6450 9
6451 12
6452 11
6453 11
6454 15
6455 11
6456 12
6457 7
6458 20
6459 14
6460 23
6461 9
6462 17
6463 18
6464 30
6465 15
6466 16
6467 15
6468 22
6469 17
6470 7
6471 16
6472 33
6473 16
6474 12
6475 12
6476 15
6477 16
6478 28
6479 17
6480 8
6481 27
6482 12
6483 7
6484 6
6485 10
6486 17
6487 21
6488 16
6489 16
6490 15
6491 7
6492 11
6493 21
6494 13
6495 17
6496 10
6497 14
6498 7
6499 23
6500 15
6501 12
6502 12
6503 6
6504 6
6505 16
6506 18
6507 20
6508 8
6509 9
6510 16
6511 19
6512 21
6513 13
6514 25
6515 26
6516 11
6517 21
6518 27
6519 20
6520 14
6521 16
6522 11
6523 14
6524 16
6525 14
6526 20
6527 6
6528 9
6529 32
6530 20
6531 13
6532 11
6533 19
6534 17
6535 8
6536 17
6537 21
6538 29
6539 8
6540 14
6541 17
6542 13
6543 19
6544 15
6545 12
6546 22
6547 16
6548 16
6549 21
6550 19
6551 13
6552 13
6553 7
6554 17
6555 16
6556 16
6557 11
6558 10
6559 12
6560 7
6561 10
6562 21
6563 10
6564 13
6565 11
6566 10
6567 18
6568 17
6569 22
6570 15
6571 31
6572 13
6573 19
6574 15
6575 9
6576 12
6577 18
6578 16
6579 24
6580 17
6581 21
6582 24
6583 14
6584 17
6585 12
6586 12
6587 16
6588 17
6589 10
6590 13
6591 28
6592 5
6593 7
6594 14
6595 17
6596 8
6597 34
6598 17
6599 11
6600 16
6601 13
6602 11
6603 10
6604 14
6605 20
6606 14
6607 9
6608 18
6609 11
6610 20
6611 17
6612 14
6613 21
6614 11
6615 13
6616 17
6617 11
6618 21
6619 10
6620 25
6621 13
6622 9
6623 10
6624 17
6625 16
6626 21
6627 16
6628 29
6629 11
6630 22
6631 21
6632 18
6633 20
6634 14
6635 12
6636 12
6637 14
6638 11
6639 11
6640 16
6641 6
6642 24
6643 11
6644 20
6645 11
6646 12
6647 10
6648 13
6649 13
6650 17
6651 17
6652 16
6653 23
6654 14
6655 16
6656 21
6657 11
6658 28
6659 10
6660 14
6661 15
6662 13
6663 17
6664 19
6665 23
6666 11
6667 8
6668 8
6669 16
6670 14
6671 22
6672 22
6673 13
6674 7
6675 18
6676 24
6677 22
6678 28
6679 22
6680 18
6681 17
6682 19
6683 14
6684 24
6685 10
6686 19
6687 13
6688 32
6689 18
6690 14
6691 14
6692 10
6693 10
6694 8
6695 12
6696 19
6697 15
6698 16
6699 25
6700 16
6701 9
6702 12
6703 13
6704 23
6705 12
6706 23
6707 17
6708 15
6709 21
6710 12
6711 20
6712 15
6713 7
6714 13
6715 9
6716 19
6717 15
6718 9
6719 13
6720 26
6721 30
6722 11
6723 11
6724 13
6725 25
6726 19
6727 16
6728 12
6729 15
6730 24
6731 20
6732 22
6733 12
6734 8
6735 19
6736 9
6737 14
6738 11
6739 12
6740 28
6741 12
6742 14
6743 26
6744 23
6745 6
6746 9
6747 9
6748 21
6749 15
6750 15
6751 20
6752 8
6753 11
6754 11
6755 16
6756 19
6757 9
6758 10
6759 9
6760 10
6761 24
6762 11
6763 9
6764 17
6765 21
6766 12
6767 8
6768 11
6769 33
6770 16
6771 22
6772 19
6773 14
6774 21
6775 12
6776 26
6777 13
6778 11
6779 14
6780 10
6781 26
6782 8
6783 29
6784 19
6785 13
6786 21
6787 17
6788 13
6789 24
6790 13
6791 16
6792 19
6793 10
6794 10
6795 23
6796 16
6797 15
6798 11
6799 23
6800 9
6801 6
6802 20
6803 17
6804 24
6805 20
6806 14
6807 16
6808 12
6809 16
6810 10
6811 20
6812 17
6813 10
6814 6
6815 30
6816 7
6817 17
6818 11
6819 26
6820 9
6821 11
6822 7
6823 12
6824 24
6825 9
6826 22
6827 22
6828 25
6829 7
6830 25
6831 17
6832 15
6833 8
6834 12
6835 17
6836 8
6837 16
6838 11
6839 21
6840 11
6841 16
6842 11
6843 17
6844 17
6845 9
6846 6
6847 18
6848 20
6849 13
6850 10
6851 9
6852 11
6853 13
6854 8
6855 5
6856 26
6857 12
6858 13
6859 13
6860 9
6861 5
6862 18
6863 13
6864 15
6865 16
6866 12
6867 14
6868 13
6869 18
6870 12
6871 10
6872 13
6873 14
6874 9
6875 11
6876 22
6877 19
6878 11
6879 13
6880 12
6881 15
6882 9
6883 13
6884 11
6885 19
6886 12
6887 9
6888 22
6889 13
6890 16
6891 14
6892 11
6893 11
6894 17
6895 9
6896 16
6897 25
6898 19
6899 7
6900 13
6901 16
6902 8
6903 20
6904 28
6905 10
6906 20
6907 6
6908 11
6909 17
6910 18
6911 9
6912 8
6913 21
6914 14
6915 23
6916 12
6917 16
6918 15
6919 20
6920 25
6921 16
6922 8
6923 22
6924 6
6925 11
6926 16
6927 20
6928 12
6929 18
6930 16
6931 16
6932 10
6933 16
6934 12
6935 7
6936 16
6937 7
6938 12
6939 17
6940 11
6941 12
6942 17
6943 19
6944 14
6945 16
6946 16
6947 13
6948 8
6949 10
6950 27
6951 12
6952 15
6953 12
6954 16
6955 16
6956 17
6957 10
6958 5
6959 15
6960 12
6961 12
6962 13
6963 10
6964 16
6965 12
6966 14
6967 7
6968 25
6969 23
6970 16
6971 14
6972 18
6973 34
6974 12
6975 25
6976 16
6977 19
6978 21
6979 16
6980 19
6981 23
6982 22
6983 21
6984 17
6985 10
6986 16
6987 19
6988 27
6989 24
6990 21
6991 13
6992 10
6993 16
6994 19
6995 16
6996 12
6997 9
6998 17
6999 21
7000 21
7001 7
7002 19
7003 20
7004 10
7005 19
7006 13
7007 4
7008 15
7009 15
7010 8
7011 10
7012 18
7013 10
7014 21
7015 21
7016 25
7017 5
7018 12
7019 14
7020 20
7021 11
7022 11
7023 24
7024 16
7025 17
7026 6
7027 9
7028 26
7029 10
7030 17
7031 20
7032 13
7033 5
7034 26
7035 16
7036 28
7037 15
7038 21
7039 9
7040 14
7041 15
7042 18
7043 24
7044 7
7045 12
7046 15
7047 13
7048 11
7049 10
7050 16
7051 20
7052 11
7053 17
7054 12
7055 18
7056 9
7057 13
7058 15
7059 17
7060 18
7061 11
7062 10
7063 17
7064 14
7065 15
7066 13
7067 27
7068 15
7069 15
7070 13
7071 14
7072 10
7073 25
7074 9
7075 14
7076 24
7077 15
7078 12
7079 25
7080 11
7081 16
7082 16
7083 14
7084 9
7085 17
7086 8
7087 22
7088 10
7089 20
7090 10
7091 14
7092 14
7093 13
7094 7
7095 12
7096 15
7097 13
7098 20
7099 15
7100 22
7101 17
7102 10
7103 12
7104 19
7105 33
7106 10
7107 22
7108 9
7109 14
7110 15
7111 8
7112 7
7113 14
7114 9
7115 13
7116 27
7117 18
7118 10
7119 15
7120 18
7121 10
7122 19
7123 18
7124 12
7125 19
7126 15
7127 22
7128 15
7129 22
7130 11
7131 8
7132 11
7133 18
7134 17
7135 8
7136 15
7137 9
7138 9
7139 13
7140 12
7141 18
7142 20
7143 11
7144 6
7145 10
7146 16
7147 9
7148 14
7149 20
7150 20
7151 14
7152 24
7153 13
7154 20
7155 8
7156 9
7157 10
7158 13
7159 20
7160 12
7161 14
7162 9
7163 23
7164 22
7165 9
7166 13
7167 7
7168 20
7169 21
7170 10
7171 7
7172 30
7173 13
7174 10
7175 17
7176 5
7177 12
7178 17
7179 12
7180 12
7181 9
7182 18
7183 16
7184 9
7185 16
7186 10
7187 19
7188 7
7189 6
7190 11
7191 33
7192 20
7193 21
7194 23
7195 17
7196 20
7197 9
7198 15
7199 11
7200 7
7201 20
7202 12
7203 17
7204 15
7205 13
7206 8
7207 8
7208 11
7209 23
7210 15
7211 13
7212 11
7213 17
7214 10
7215 6
7216 17
7217 29
7218 23
7219 11
7220 23
7221 7
7222 14
7223 9
7224 16
7225 14
7226 12
7227 13
7228 10
7229 24
7230 17
7231 4
7232 19
7233 6
7234 23
7235 10
7236 12
7237 14
7238 16
7239 20
7240 10
7241 10
7242 13
7243 10
7244 9
7245 9
7246 16
7247 12
7248 13
7249 10
7250 18
7251 19
7252 8
7253 18
7254 4
7255 20
7256 11
7257 9
7258 24
7259 14
7260 20
7261 26
7262 31
7263 12
7264 7
7265 14
7266 13
7267 19
7268 24
7269 21
7270 18
7271 17
7272 8
7273 36
7274 9
7275 21
7276 15
7277 18
7278 20
7279 8
7280 18
7281 12
7282 8
7283 9
7284 12
7285 7
7286 28
7287 6
7288 13
7289 19
7290 7
7291 13
7292 7
7293 7
7294 11
7295 19
7296 26
7297 22
7298 6
7299 8
7300 20
7301 14
7302 14
7303 15
7304 16
7305 16
7306 10
7307 19
7308 13
7309 15
7310 8
7311 20
7312 16
7313 11
7314 25
7315 8
7316 13
7317 17
7318 27
7319 23
7320 13
7321 15
7322 13
7323 13
7324 10
7325 14
7326 14
7327 8
7328 13
7329 12
7330 27
7331 18
7332 19
7333 8
7334 12
7335 20
7336 9
7337 21
7338 6
7339 20
7340 8
7341 11
7342 7
7343 9
7344 10
7345 18
7346 15
7347 11
7348 12
7349 26
7350 22
7351 15
7352 18
7353 10
7354 12
7355 10
7356 16
7357 12
7358 6
7359 20
7360 10
7361 18
7362 17
7363 13
7364 12
7365 12
7366 25
7367 9
7368 33
7369 13
7370 15
7371 19
7372 17
7373 16
7374 11
7375 9
7376 12
7377 12
7378 20
7379 11
7380 13
7381 9
7382 18
7383 19
7384 9
7385 11
7386 8
7387 13
7388 11
7389 17
7390 12
7391 11
7392 12
7393 12
7394 10
7395 13
7396 15
7397 14
7398 27
7399 24
7400 21
7401 16
7402 10
7403 14
7404 11
7405 15
7406 9
7407 11
7408 10
7409 10
7410 24
7411 25
7412 10
7413 14
7414 15
7415 8
7416 12
7417 6
7418 16
7419 14
7420 16
7421 10
7422 18
7423 14
7424 9
7425 19
7426 7
7427 11
7428 6
7429 23
7430 15
7431 16
7432 19
7433 24
7434 10
7435 13
7436 10
7437 13
7438 14
7439 18
7440 16
7441 9
7442 15
7443 14
7444 20
7445 14
7446 7
7447 7
7448 7
7449 10
7450 8
7451 17
7452 23
7453 16
7454 23
7455 32
7456 8
7457 12
7458 18
7459 22
7460 18
7461 6
7462 9
7463 9
7464 12
7465 16
7466 17
7467 12
7468 18
7469 19
7470 14
7471 11
7472 22
7473 11
7474 14
7475 21
7476 17
7477 22
7478 24
7479 32
7480 16
7481 28
7482 20
7483 23
7484 13
7485 17
7486 7
7487 24
7488 22
7489 20
7490 9
7491 13
7492 18
7493 22
7494 7
7495 18
7496 18
7497 11
7498 17
7499 16
7500 17
7501 6
7502 21
7503 13
7504 15
7505 10
7506 11
7507 17
7508 16
7509 18
7510 15
7511 21
7512 8
7513 11
7514 18
7515 14
7516 16
7517 18
7518 13
7519 12
7520 11
7521 19
7522 13
7523 11
7524 12
7525 15
7526 16
7527 11
7528 18
7529 14
7530 25
7531 25
7532 16
7533 9
7534 21
7535 15
7536 12
7537 13
7538 12
7539 15
7540 16
7541 14
7542 11
7543 15
7544 22
7545 11
7546 10
7547 7
7548 13
7549 31
7550 15
7551 16
7552 10
7553 9
7554 19
7555 14
7556 10
7557 11
7558 14
7559 20
7560 11
7561 14
7562 14
7563 19
7564 11
7565 6
7566 16
7567 10
7568 18
7569 18
7570 6
7571 14
7572 12
7573 17
7574 13
7575 16
7576 9
7577 12
7578 13
7579 19
7580 20
7581 7
7582 8
7583 12
7584 19
7585 19
7586 18
7587 15
7588 35
7589 16
7590 11
7591 19
7592 16
7593 14
7594 15
7595 18
7596 6
7597 30
7598 8
7599 15
7600 11
7601 13
7602 12
7603 7
7604 11
7605 10
7606 13
7607 11
7608 14
7609 11
7610 15
7611 10
7612 10
7613 19
7614 9
7615 14
7616 14
7617 32
7618 13
7619 9
7620 16
7621 12
7622 26
7623 10
7624 5
7625 21
7626 8
7627 17
7628 15
7629 17
7630 11
7631 17
7632 11
7633 13
7634 10
7635 12
7636 11
7637 15
7638 11
7639 34
7640 7
7641 14
7642 12
7643 22
7644 12
7645 12
7646 19
7647 26
7648 12
7649 10
7650 6
7651 21
7652 10
7653 23
7654 12
7655 16
7656 14
7657 11
7658 7
7659 14
7660 13
7661 13
7662 24
7663 28
7664 6
7665 15
7666 9
7667 16
7668 15
7669 33
7670 13
7671 13
7672 15
7673 18
7674 14
7675 17
7676 12
7677 16
7678 16
7679 11
7680 10
7681 14
7682 14
7683 17
7684 8
7685 11
7686 14
7687 13
7688 24
7689 17
7690 16
7691 11
7692 8
7693 13
7694 26
7695 10
7696 23
7697 9
7698 25
7699 20
7700 8
7701 14
7702 12
7703 17
7704 16
7705 19
7706 6
7707 13
7708 14
7709 13
7710 17
7711 30
7712 10
7713 9
7714 21
7715 13
7716 27
7717 13
7718 21
7719 22
7720 16
7721 23
7722 11
7723 7
7724 18
7725 12
7726 10
7727 8
7728 7
7729 7
7730 8
7731 19
7732 18
7733 12
7734 16
7735 10
7736 12
7737 8
7738 7
7739 18
7740 12
7741 16
7742 10
7743 19
7744 11
7745 12
7746 23
7747 8
7748 13
7749 19
7750 15
7751 16
7752 16
7753 23
7754 18
7755 18
7756 16
7757 8
7758 18
7759 15
7760 19
7761 17
7762 17
7763 15
7764 11
7765 15
7766 15
7767 16
7768 15
7769 15
7770 14
7771 16
7772 12
7773 11
7774 8
7775 23
7776 8
7777 19
7778 23
7779 12
7780 21
7781 24
7782 15
7783 12
7784 13
7785 13
7786 24
7787 19
7788 14
7789 10
7790 11
7791 20
7792 14
7793 15
7794 9
7795 13
7796 20
7797 25
7798 27
7799 15
7800 15
7801 17
7802 13
7803 11
7804 33
7805 13
7806 17
7807 30
7808 10
7809 8
7810 10
7811 20
7812 9
7813 19
7814 11
7815 17
7816 9
7817 16
7818 12
7819 15
7820 13
7821 21
7822 21
7823 11
7824 14
7825 17
7826 16
7827 20
7828 9
7829 7
7830 12
7831 9
7832 16
7833 17
7834 19
7835 14
7836 18
7837 20
7838 20
7839 26
7840 11
7841 8
7842 17
7843 19
7844 9
7845 11
7846 7
7847 5
7848 8
7849 9
7850 14
7851 12
7852 11
7853 14
7854 15
7855 19
7856 9
7857 14
7858 17
7859 15
7860 21
7861 11
7862 13
7863 18
7864 8
7865 18
7866 27
7867 23
7868 11
7869 11
7870 12
7871 16
7872 16
7873 11
7874 9
7875 8
7876 20
7877 8
7878 16
7879 17
7880 18
7881 15
7882 14
7883 7
7884 12
7885 16
7886 6
7887 25
7888 19
7889 14
7890 8
7891 13
7892 19
7893 19
7894 11
7895 8
7896 15
7897 9
7898 14
7899 14
7900 13
7901 10
7902 29
7903 12
7904 8
7905 13
7906 21
7907 14
7908 24
7909 11
7910 19
7911 16
7912 15
7913 17
7914 16
7915 13
7916 19
7917 6
7918 23
7919 20
7920 19
7921 15
7922 30
7923 19
7924 24
7925 10
7926 16
7927 21
7928 13
7929 16
7930 13
7931 23
7932 8
7933 12
7934 9
7935 20
7936 9
7937 20
7938 28
7939 17
7940 21
7941 29
7942 13
7943 13
7944 15
7945 13
7946 18
7947 17
7948 18
7949 22
7950 13
7951 26
7952 9
7953 14
7954 8
7955 9
7956 11
7957 14
7958 14
7959 8
7960 15
7961 25
7962 17
7963 14
7964 22
7965 10
7966 16
7967 9
7968 10
7969 13
7970 7
7971 11
7972 9
7973 8
7974 13
7975 13
7976 13
7977 15
7978 16
7979 6
7980 12
7981 4
7982 24
7983 17
7984 9
7985 19
7986 11
7987 19
7988 11
7989 33
7990 10
7991 13
7992 9
7993 19
7994 11
7995 18
7996 9
7997 13
7998 18
7999 12
8000 11
8001 10
8002 15
8003 14
8004 30
8005 14
8006 16
8007 10
8008 12
8009 15
8010 22
8011 13
8012 25
8013 14
8014 24
8015 13
8016 14
8017 22
8018 6
8019 9
8020 22
8021 11
8022 13
8023 13
8024 12
8025 19
8026 22
8027 10
8028 11
8029 19
8030 11
8031 10
8032 23
8033 16
8034 8
8035 13
8036 6
8037 24
8038 19
8039 8
8040 8
8041 7
8042 18
8043 7
8044 12
8045 26
8046 26
8047 21
8048 29
8049 11
8050 21
8051 16
8052 6
8053 16
8054 8
8055 15
8056 13
8057 14
8058 18
8059 30
8060 14
8061 8
8062 18
8063 14
8064 17
8065 12
8066 8
8067 11
8068 15
8069 17
8070 13
8071 26
8072 19
8073 15
8074 11
8075 10
8076 12
8077 14
8078 17
8079 8
8080 21
8081 12
8082 15
8083 22
8084 19
8085 13
8086 6
8087 9
8088 30
8089 25
8090 12
8091 19
8092 7
8093 7
8094 14
8095 13
8096 10
8097 15
8098 12
8099 16
8100 16
8101 20
8102 14
8103 22
8104 17
8105 13
8106 14
8107 31
8108 19
8109 12
8110 11
8111 17
8112 16
8113 24
8114 11
8115 15
8116 12
8117 16
8118 14
8119 13
8120 16
8121 9
8122 12
8123 14
8124 15
8125 22
8126 17
8127 6
8128 15
8129 11
8130 18
8131 7
8132 15
8133 17
8134 16
8135 13
8136 7
8137 17
8138 11
8139 29
8140 17
8141 14
8142 14
8143 7
8144 19
8145 12
8146 11
8147 10
8148 11
8149 12
8150 16
8151 15
8152 7
8153 16
8154 26
8155 25
8156 12
8157 10
8158 17
8159 9
8160 19
8161 16
8162 17
8163 22
8164 8
8165 16
8166 10
8167 15
8168 7
8169 18
8170 16
8171 19
8172 13
8173 23
8174 21
8175 16
8176 21
8177 22
8178 11
8179 13
8180 18
8181 18
8182 25
8183 14
8184 18
8185 13
8186 11
8187 14
8188 9
8189 9
8190 14
8191 22
8192 16
8193 19
8194 12
8195 15
8196 23
8197 14
8198 22
8199 11
8200 11
8201 19
8202 13
8203 15
8204 28
8205 12
8206 15
8207 14
8208 13
8209 21
8210 13
8211 20
8212 15
8213 8
8214 21
8215 18
8216 20
8217 8
8218 16
8219 15
8220 14
8221 12
8222 13
8223 21
8224 13
8225 14
8226 30
8227 25
8228 11
8229 8
8230 8
8231 17
8232 17
8233 14
8234 10
8235 10
8236 13
8237 16
8238 16
8239 22
8240 13
8241 16
8242 27
8243 14
8244 14
8245 25
8246 13
8247 14
8248 19
8249 11
8250 9
8251 16
8252 20
8253 11
8254 16
8255 17
8256 25
8257 12
8258 17
8259 19
8260 11
8261 25
8262 14
8263 12
8264 8
8265 14
8266 19
8267 15
8268 18
8269 19
8270 15
8271 38
8272 16
8273 8
8274 14
8275 19
8276 28
8277 11
8278 13
8279 18
8280 7
8281 13
8282 14
8283 15
8284 7
8285 22
8286 10
8287 10
8288 14
8289 11
8290 15
8291 14
8292 21
8293 17
8294 16
8295 19
8296 10
8297 15
8298 11
8299 8
8300 12
8301 12
8302 14
8303 19
8304 28
8305 15
8306 11
8307 17
8308 16
8309 15
8310 10
8311 14
8312 16
8313 28
8314 14
8315 24
8316 16
8317 14
8318 11
8319 33
8320 14
8321 17
8322 6
8323 14
8324 18
8325 20
8326 13
8327 11
8328 12
8329 19
8330 14
8331 21
8332 11
8333 12
8334 8
8335 18
8336 19
8337 11
8338 12
8339 9
8340 21
8341 11
8342 28
8343 15
8344 16
8345 23
8346 15
8347 12
8348 7
8349 7
8350 12
8351 18
8352 11
8353 10
8354 10
8355 13
8356 20
8357 16
8358 20
8359 8
8360 12
8361 14
8362 25
8363 10
8364 16
8365 14
8366 18
8367 29
8368 12
8369 11
8370 18
8371 15
8372 14
8373 13
8374 12
8375 20
8376 13
8377 15
8378 15
8379 6
8380 8
8381 14
8382 22
8383 15
8384 11
8385 12
8386 31
8387 17
8388 12
8389 15
8390 20
8391 12
8392 20
8393 20
8394 20
8395 16
8396 21
8397 14
8398 17
8399 18
8400 14
8401 10
8402 11
8403 9
8404 10
8405 9
8406 13
8407 19
8408 15
8409 7
8410 11
8411 12
8412 19
8413 6
8414 11
8415 11
8416 15
8417 8
8418 17
8419 36
8420 13
8421 20
8422 9
8423 8
8424 15
8425 26
8426 19
8427 13
8428 9
8429 9
8430 14
8431 11
8432 12
8433 11
8434 19
8435 16
8436 31
8437 10
8438 13
8439 12
8440 15
8441 14
8442 15
8443 10
8444 16
8445 22
8446 16
8447 18
8448 12
8449 16
8450 14
8451 9
8452 11
8453 14
8454 1
8455 23
8456 14
8457 7
8458 21
8459 13
8460 14
8461 10
8462 12
8463 31
8464 22
8465 13
8466 10
8467 14
8468 10
8469 11
8470 12
8471 24
8472 17
8473 14
8474 23
8475 33
8476 11
8477 10
8478 24
8479 12
8480 20
8481 16
8482 15
8483 21
8484 8
8485 18
8486 10
8487 13
8488 19
8489 19
8490 10
8491 22
8492 12
8493 15
8494 13
8495 17
8496 20
8497 19
8498 8
8499 23
8500 23
8501 12
8502 14
8503 8
8504 17
8505 7
8506 19
8507 10
8508 14
8509 27
8510 13
8511 14
8512 19
8513 18
8514 21
8515 15
8516 13
8517 18
8518 6
8519 12
8520 19
8521 5
8522 10
8523 8
8524 23
8525 14
8526 10
8527 13
8528 9
8529 12
8530 16
8531 20
8532 15
8533 17
8534 11
8535 8
8536 8
8537 26
8538 21
8539 21
8540 10
8541 12
8542 8
8543 13
8544 13
8545 14
8546 9
8547 14
8548 9
8549 17
8550 17
8551 13
8552 18
8553 14
8554 16
8555 16
8556 17
8557 7
8558 14
8559 19
8560 11
8561 24
8562 11
8563 12
8564 6
8565 9
8566 13
8567 16
8568 17
8569 18
8570 21
8571 33
8572 14
8573 12
8574 17
8575 26
8576 17
8577 19
8578 19
8579 10
8580 10
8581 12
8582 18
8583 15
8584 17
8585 13
8586 27
8587 19
8588 22
8589 18
8590 14
8591 18
8592 15
8593 8
8594 10
8595 16
8596 11
8597 7
8598 14
8599 9
8600 18
8601 9
8602 11
8603 5
8604 19
8605 14
8606 17
8607 13
8608 11
8609 12
8610 21
8611 19
8612 15
8613 16
8614 14
8615 14
8616 10
8617 20
8618 16
8619 13
8620 7
8621 12
8622 9
8623 13
8624 19
8625 22
8626 10
8627 18
8628 10
8629 8
8630 14
8631 16
8632 16
8633 12
8634 26
8635 13
8636 8
8637 11
8638 16
8639 12
8640 15
8641 16
8642 6
8643 13
8644 12
8645 16
8646 18
8647 12
8648 17
8649 19
8650 18
8651 33
8652 15
8653 10
8654 23
8655 17
8656 13
8657 10
8658 17
8659 15
8660 22
8661 17
8662 9
8663 16
8664 14
8665 8
8666 12
8667 16
8668 27
8669 14
8670 10
8671 16
8672 19
8673 8
8674 27
8675 18
8676 30
8677 26
8678 20
8679 17
8680 21
8681 8
8682 14
8683 19
8684 6
8685 10
8686 18
8687 24
8688 16
8689 22
8690 15
8691 12
8692 19
8693 12
8694 13
8695 16
8696 13
8697 24
8698 11
8699 20
8700 15
8701 12
8702 12
8703 11
8704 14
8705 16
8706 13
8707 7
8708 16
8709 16
8710 12
8711 14
8712 9
8713 9
8714 13
8715 11
8716 12
8717 12
8718 14
8719 14
8720 15
8721 13
8722 14
8723 10
8724 11
8725 19
8726 12
8727 23
8728 10
8729 12
8730 14
8731 35
8732 9
8733 10
8734 12
8735 12
8736 13
8737 10
8738 21
8739 8
8740 11
8741 16
8742 29
8743 11
8744 19
8745 14
8746 9
8747 13
8748 21
8749 14
8750 3
8751 15
8752 4
8753 25
8754 8
8755 17
8756 7
8757 23
8758 8
8759 12
8760 12
8761 6
8762 14
8763 28
8764 21
8765 14
8766 8
8767 10
8768 13
8769 12
8770 17
8771 16
8772 12
8773 16
8774 16
8775 24
8776 28
8777 15
8778 16
8779 11
8780 15
8781 12
8782 10
8783 16
8784 11
8785 12
8786 17
8787 8
8788 9
8789 8
8790 17
8791 17
8792 12
8793 8
8794 29
8795 25
8796 13
8797 10
8798 30
8799 17
8800 16
8801 13
8802 11
8803 16
8804 29
8805 8
8806 11
8807 22
8808 10
8809 8
8810 16
8811 19
8812 11
8813 19
8814 14
8815 12
8816 18
8817 15
8818 6
8819 15
8820 15
8821 13
8822 19
8823 13
8824 14
8825 11
8826 5
8827 22
8828 11
8829 22
8830 10
8831 23
8832 9
8833 15
8834 12
8835 14
8836 19
8837 18
8838 10
8839 22
8840 19
8841 6
8842 22
8843 12
8844 19
8845 22
8846 8
8847 19
8848 13
8849 20
8850 12
8851 11
8852 19
8853 24
8854 14
8855 14
8856 11
8857 17
8858 16
8859 23
8860 23
8861 8
8862 25
8863 10
8864 17
8865 11
8866 14
8867 9
8868 10
8869 13
8870 8
8871 21
8872 13
8873 13
8874 22
8875 20
8876 16
8877 15
8878 16
8879 14
8880 8
8881 9
8882 19
8883 29
8884 16
8885 11
8886 7
8887 16
8888 11
8889 14
8890 18
8891 16
8892 17
8893 21
8894 10
8895 11
8896 10
8897 15
8898 10
8899 10
8900 5
8901 25
8902 22
8903 12
8904 20
8905 18
8906 14
8907 14
8908 22
8909 10
8910 10
8911 20
8912 14
8913 19
8914 19
8915 14
8916 9
8917 19
8918 20
8919 22
8920 12
8921 13
8922 6
8923 10
8924 13
8925 16
8926 12
8927 14
8928 18
8929 14
8930 13
8931 31
8932 19
8933 11
8934 19
8935 15
8936 17
8937 18
8938 30
8939 12
8940 12
8941 8
8942 13
8943 8
8944 16
8945 10
8946 16
8947 20
8948 18
8949 28
8950 13
8951 27
8952 21
8953 17
8954 16
8955 16
8956 18
8957 17
8958 6
8959 29
8960 12
8961 16
8962 9
8963 19
8964 12
8965 7
8966 16
8967 20
8968 14
8969 12
8970 13
8971 10
8972 12
8973 13
8974 14
8975 13
8976 11
8977 9
8978 11
8979 13
8980 13
8981 16
8982 11
8983 15
8984 14
8985 14
8986 16
8987 17
8988 22
8989 16
8990 28
8991 20
8992 17
8993 10
8994 17
8995 22
8996 13
8997 18
8998 19
8999 30
9000 14
9001 17
9002 10
9003 13
9004 11
9005 10
9006 13
9007 17
9008 21
9009 12
9010 11
9011 7
9012 8
9013 23
9014 11
9015 11
9016 28
9017 25
9018 11
9019 19
9020 22
9021 15
9022 14
9023 16
9024 28
9025 26
9026 15
9027 11
9028 12
9029 16
9030 13
9031 10
9032 14
9033 21
9034 16
9035 16
9036 17
9037 8
9038 6
9039 14
9040 12
9041 14
9042 8
9043 12
9044 13
9045 18
9046 16
9047 11
9048 21
9049 14
9050 10
9051 11
9052 15
9053 19
9054 28
9055 12
9056 13
9057 9
9058 10
9059 17
9060 11
9061 12
9062 9
9063 9
9064 7
9065 11
9066 16
9067 15
9068 32
9069 14
9070 8
9071 25
9072 21
9073 16
9074 14
9075 9
9076 7
9077 17
9078 18
9079 8
9080 27
9081 14
9082 9
9083 14
9084 9
9085 11
9086 8
9087 21
9088 13
9089 16
9090 8
9091 12
9092 11
9093 7
9094 19
9095 22
9096 9
9097 15
9098 6
9099 21
9100 12
9101 9
9102 15
9103 17
9104 13
9105 11
9106 17
9107 13
9108 16
9109 28
9110 11
9111 11
9112 14
9113 11
9114 12
9115 15
9116 12
9117 11
9118 12
9119 16
9120 13
9121 8
9122 21
9123 12
9124 21
9125 6
9126 11
9127 21
9128 4
9129 10
9130 19
9131 15
9132 16
9133 13
9134 18
9135 23
9136 16
9137 9
9138 24
9139 10
9140 16
9141 10
9142 17
9143 11
9144 25
9145 26
9146 19
9147 25
9148 9
9149 10
9150 12
9151 16
9152 10
9153 17
9154 17
9155 7
9156 19
9157 17
9158 12
9159 16
9160 14
9161 7
9162 17
9163 22
9164 14
9165 14
9166 22
9167 10
9168 12
9169 22
9170 17
9171 15
9172 5
9173 14
9174 8
9175 6
9176 13
9177 17
9178 7
9179 11
9180 10
9181 16
9182 6
9183 15
9184 6
9185 27
9186 8
9187 13
9188 7
9189 11
9190 14
9191 16
9192 23
9193 13
9194 7
9195 12
9196 12
9197 10
9198 9
9199 18
9200 11
9201 20
9202 20
9203 25
9204 14
9205 18
9206 10
9207 8
9208 24
9209 10
9210 24
9211 7
9212 14
9213 14
9214 13
9215 12
9216 18
9217 18
9218 15
9219 30
9220 15
9221 26
9222 7
9223 10
9224 14
9225 32
9226 10
9227 9
9228 16
9229 6
9230 12
9231 13
9232 11
9233 20
9234 9
9235 8
9236 13
9237 11
9238 14
9239 11
9240 30
9241 28
9242 10
9243 12
9244 19
9245 16
9246 16
9247 21
9248 10
9249 14
9250 12
9251 13
9252 15
9253 22
9254 15
9255 10
9256 11
9257 18
9258 17
9259 18
9260 12
9261 27
9262 21
9263 11
9264 34
9265 11
9266 15
9267 20
9268 16
9269 20
9270 15
9271 10
9272 29
9273 24
9274 11
9275 25
9276 22
9277 14
9278 12
9279 15
9280 9
9281 18
9282 15
9283 18
9284 15
9285 13
9286 7
9287 19
9288 18
9289 10
9290 16
9291 17
9292 19
9293 13
9294 15
9295 11
9296 6
9297 13
9298 13
9299 13
9300 26
9301 11
9302 10
9303 11
9304 15
9305 16
9306 13
9307 21
9308 14
9309 16
9310 32
9311 11
9312 15
9313 8
9314 15
9315 18
9316 12
9317 10
9318 15
9319 11
9320 14
9321 10
9322 17
9323 13
9324 22
9325 7
9326 15
9327 15
9328 19
9329 6
9330 17
9331 9
9332 14
9333 39
9334 20
9335 6
9336 25
9337 13
9338 13
9339 17
9340 9
9341 7
9342 24
9343 13
9344 12
9345 20
9346 12
9347 17
9348 15
9349 12
9350 16
9351 13
9352 15
9353 15
9354 18
9355 17
9356 14
9357 10
9358 28
9359 13
9360 12
9361 12
9362 13
9363 16
9364 12
9365 10
9366 14
9367 24
9368 12
9369 13
9370 12
9371 9
9372 16
9373 13
9374 13
9375 15
9376 13
9377 18
9378 17
9379 14
9380 10
9381 17
9382 28
9383 16
9384 15
9385 18
9386 15
9387 17
9388 14
9389 11
9390 13
9391 12
9392 14
9393 10
9394 15
9395 11
9396 18
9397 10
9398 16
9399 18
9400 10
9401 21
9402 26
9403 16
9404 8
9405 26
9406 16
9407 13
9408 19
9409 9
9410 9
9411 10
9412 27
9413 23
9414 14
9415 30
9416 14
9417 13
9418 9
9419 13
9420 14
9421 16
9422 9
9423 10
9424 7
9425 9
9426 16
9427 28
9428 13
9429 26
9430 19
9431 22
9432 9
9433 17
9434 22
9435 13
9436 16
9437 8
9438 10
9439 19
9440 15
9441 16
9442 20
9443 11
9444 8
9445 14
9446 22
9447 11
9448 24
9449 30
9450 8
9451 23
9452 9
9453 25
9454 8
9455 12
9456 7
9457 16
9458 30
9459 15
9460 17
9461 4
9462 21
9463 13
9464 18
9465 10
9466 10
9467 9
9468 14
9469 11
9470 14
9471 24
9472 10
9473 8
9474 17
9475 14
9476 19
9477 30
9478 14
9479 10
9480 7
9481 14
9482 16
9483 25
9484 17
9485 7
9486 28
9487 12
9488 15
9489 13
9490 24
9491 21
9492 18
9493 17
9494 29
9495 4
9496 24
9497 10
9498 14
9499 10
9500 23
9501 7
9502 8
9503 18
9504 13
9505 18
9506 9
9507 27
9508 8
9509 11
9510 29
9511 18
9512 12
9513 14
9514 8
9515 8
9516 25
9517 21
9518 19
9519 7
9520 15
9521 21
9522 12
9523 16
9524 16
9525 16
9526 16
9527 12
9528 10
9529 25
9530 8
9531 10
9532 20
9533 9
9534 13
9535 12
9536 28
9537 11
9538 13
9539 7
9540 25
9541 23
9542 25
9543 7
9544 16
9545 20
9546 18
9547 11
9548 13
9549 10
9550 14
9551 27
9552 26
9553 13
9554 12
9555 12
9556 12
9557 20
9558 20
9559 17
9560 15
9561 22
9562 16
9563 7
9564 7
9565 21
9566 15
9567 33
9568 18
9569 11
9570 10
9571 13
9572 27
9573 17
9574 14
9575 10
9576 7
9577 14
9578 14
9579 16
9580 15
9581 27
9582 11
9583 11
9584 12
9585 9
9586 13
9587 19
9588 11
9589 13
9590 21
9591 10
9592 8
9593 22
9594 14
9595 21
9596 30
9597 16
9598 8
9599 23
9600 6
9601 13
9602 11
9603 16
9604 18
9605 10
9606 23
9607 10
9608 15
9609 11
9610 15
9611 12
9612 19
9613 18
9614 13
9615 11
9616 22
9617 12
9618 26
9619 15
9620 14
9621 16
9622 35
9623 14
9624 21
9625 11
9626 9
9627 14
9628 23
9629 10
9630 33
9631 13
9632 9
9633 10
9634 13
9635 15
9636 8
9637 9
9638 20
9639 17
9640 10
9641 7
9642 13
9643 20
9644 7
9645 10
9646 26
9647 17
9648 11
9649 13
9650 21
9651 22
9652 20
9653 14
9654 10
9655 18
9656 9
9657 7
9658 13
9659 14
9660 9
9661 16
9662 17
9663 9
9664 15
9665 6
9666 13
9667 9
9668 23
9669 23
9670 18
9671 15
9672 24
9673 13
9674 26
9675 18
9676 11
9677 14
9678 12
9679 16
9680 18
9681 10
9682 10
9683 17
9684 19
9685 7
9686 10
9687 11
9688 13
9689 16
9690 24
9691 16
9692 9
9693 17
9694 24
9695 7
9696 20
9697 14
9698 14
9699 14
9700 18
9701 15
9702 22
9703 19
9704 19
9705 14
9706 24
9707 19
9708 13
9709 13
9710 18
9711 21
9712 7
9713 14
9714 17
9715 14
9716 15
9717 9
9718 11
9719 17
9720 8
9721 8
9722 7
9723 18
9724 11
9725 23
9726 8
9727 16
9728 16
9729 25
9730 9
9731 18
9732 16
9733 23
9734 21
9735 12
9736 10
9737 17
9738 12
9739 19
9740 12
9741 22
9742 10
9743 20
9744 13
9745 9
9746 23
9747 23
9748 12
9749 8
9750 19
9751 14
9752 17
9753 11
9754 7
9755 18
9756 14
9757 24
9758 14
9759 24
9760 15
9761 9
9762 14
9763 6
9764 14
9765 12
9766 11
9767 19
9768 8
9769 17
9770 12
9771 13
9772 14
9773 15
9774 10
9775 10
9776 24
9777 13
9778 15
9779 14
9780 15
9781 26
9782 21
9783 5
9784 22
9785 6
9786 12
9787 14
9788 18
9789 17
9790 14
9791 20
9792 8
9793 22
9794 13
9795 10
9796 18
9797 16
9798 15
9799 30
9800 12
9801 9
9802 8
9803 11
9804 11
9805 14
9806 7
9807 15
9808 14
9809 20
9810 17
9811 19
9812 15
9813 33
9814 7
9815 8
9816 11
9817 14
9818 16
9819 18
9820 11
9821 13
9822 14
9823 15
9824 17
9825 14
9826 22
9827 16
9828 11
9829 12
9830 25
9831 5
9832 8
9833 14
9834 8
9835 27
9836 10
9837 15
9838 11
9839 25
9840 26
9841 13
9842 16
9843 22
9844 28
9845 15
9846 22
9847 14
9848 26
9849 11
9850 20
9851 10
9852 17
9853 20
9854 20
9855 13
9856 31
9857 11
9858 13
9859 10
9860 9
9861 14
9862 14
9863 14
9864 17
9865 17
9866 13
9867 18
9868 15
9869 22
9870 14
9871 13
9872 19
9873 21
9874 10
9875 13
9876 31
9877 17
9878 19
9879 23
9880 9
9881 14
9882 10
9883 17
9884 11
9885 10
9886 11
9887 8
9888 11
9889 8
9890 17
9891 23
9892 11
9893 20
9894 11
9895 14
9896 16
9897 17
9898 16
9899 9
9900 13
9901 7
9902 18
9903 9
9904 18
9905 24
9906 17
9907 19
9908 25
9909 18
9910 8
9911 19
9912 25
9913 9
9914 13
9915 11
9916 12
9917 18
9918 13
9919 18
9920 16
9921 19
9922 9
9923 18
9924 10
9925 7
9926 13
9927 9
9928 13
9929 8
9930 12
9931 29
9932 22
9933 15
9934 13
9935 6
9936 12
9937 17
9938 21
9939 9
9940 18
9941 14
9942 18
9943 8
9944 10
9945 16
9946 14
9947 14
9948 16
9949 18
9950 5
9951 20
9952 27
9953 12
9954 14
9955 20
9956 12
9957 22
9958 14
9959 17
9960 10
9961 12
9962 9
9963 15
9964 14
9965 9
9966 8
9967 15
9968 15
9969 20
9970 12
9971 10
9972 10
9973 11
9974 10
9975 13
9976 20
9977 6
9978 14
9979 9
9980 23
9981 8
9982 13
9983 19
9984 8
9985 14
9986 10
9987 13
9988 15
9989 14
9990 13
9991 14
9992 17
9993 12
9994 17
9995 11
9996 16
9997 9
9998 9
9999 9
10000 21
10001 12
10002 17
10003 11
10004 8
10005 11
10006 11
10007 36
10008 6
10009 18
10010 11
10011 16
10012 12
10013 25
10014 7
10015 12
10016 16
10017 6
10018 16
10019 20
10020 9
10021 13
10022 13
10023 22
10024 37
10025 20
10026 22
10027 13
10028 35
10029 11
10030 16
10031 21
10032 9
10033 16
10034 14
10035 15
10036 28
10037 14
10038 11
10039 8
10040 15
10041 13
10042 9
10043 9
10044 18
10045 16
10046 11
10047 18
10048 12
10049 24
10050 7
10051 16
10052 6
10053 11
10054 15
10055 14
10056 22
10057 13
10058 8
10059 13
10060 17
10061 11
10062 17
10063 19
10064 11
10065 20
10066 18
10067 21
10068 15
10069 9
10070 8
10071 17
10072 19
10073 20
10074 14
10075 14
10076 15
10077 8
10078 16
10079 14
10080 18
10081 11
10082 20
10083 22
10084 16
10085 19
10086 25
10087 19
10088 12
10089 18
10090 5
10091 17
10092 28
10093 12
10094 16
10095 23
10096 10
10097 7
10098 15
10099 13
10100 20
10101 18
10102 13
10103 30
10104 23
10105 14
10106 20
10107 12
10108 12
10109 22
10110 14
10111 9
10112 22
10113 18
10114 20
10115 11
10116 10
10117 10
10118 12
10119 11
10120 26
10121 19
10122 26
10123 8
10124 10
10125 13
10126 11
10127 10
10128 25
10129 10
10130 18
10131 10
10132 13
10133 7
10134 17
10135 27
10136 28
10137 9
10138 15
10139 16
10140 20
10141 18
10142 26
10143 11
10144 23
10145 17
10146 19
10147 7
10148 14
10149 8
10150 15
10151 9
10152 10
10153 15
10154 10
10155 28
10156 21
10157 15
10158 10
10159 6
10160 19
10161 10
10162 6
10163 11
10164 10
10165 28
10166 15
10167 14
10168 16
10169 15
10170 15
10171 7
10172 18
10173 15
10174 11
10175 13
10176 12
10177 14
10178 10
10179 17
10180 17
10181 20
10182 13
10183 11
10184 12
10185 10
10186 15
10187 9
10188 22
10189 11
10190 16
10191 18
10192 11
10193 9
10194 14
10195 7
10196 15
10197 20
10198 31
10199 17
10200 19
10201 14
10202 18
10203 30
10204 20
10205 16
10206 8
10207 15
10208 27
10209 16
10210 13
10211 13
10212 18
10213 12
10214 19
10215 14
10216 11
10217 21
10218 15
10219 16
10220 16
10221 8
10222 12
10223 13
10224 15
10225 22
10226 10
10227 15
10228 13
10229 19
10230 13
10231 22
10232 8
10233 23
10234 19
10235 9
10236 9
10237 15
10238 10
10239 17
10240 12
10241 9
10242 19
10243 16
10244 11
10245 10
10246 11
10247 20
10248 10
10249 14
10250 16
10251 8
10252 7
10253 23
10254 13
10255 13
10256 21
10257 10
10258 9
10259 9
10260 16
10261 11
10262 14
10263 18
10264 7
10265 9
10266 17
10267 13
10268 21
10269 8
10270 28
10271 9
10272 19
10273 17
10274 17
10275 8
10276 12
10277 9
10278 12
10279 11
10280 12
10281 11
10282 11
10283 8
10284 19
10285 24
10286 18
10287 21
10288 9
10289 8
10290 13
10291 16
10292 16
10293 12
10294 9
10295 20
10296 12
10297 9
10298 13
10299 14
10300 18
10301 20
10302 11
10303 14
10304 18
10305 20
10306 17
10307 12
10308 10
10309 11
10310 17
10311 19
10312 18
10313 24
10314 17
10315 11
10316 15
10317 13
10318 9
10319 20
10320 18
10321 9
10322 16
10323 14
10324 19
10325 8
10326 21
10327 19
10328 13
10329 12
10330 14
10331 28
10332 11
10333 12
10334 14
10335 20
10336 15
10337 11
10338 17
10339 14
10340 30
10341 10
10342 18
10343 13
10344 10
10345 21
10346 9
10347 23
10348 17
10349 15
10350 10
10351 11
10352 13
10353 30
10354 9
10355 13
10356 12
10357 13
10358 13
10359 23
10360 17
10361 8
10362 10
10363 19
10364 10
10365 7
10366 14
10367 18
10368 15
10369 10
10370 11
10371 19
10372 10
10373 17
10374 7
10375 13
10376 13
10377 23
10378 17
10379 15
10380 16
10381 13
10382 20
10383 19
10384 8
10385 18
10386 17
10387 10
10388 17
10389 7
10390 6
10391 17
10392 13
10393 21
10394 11
10395 5
10396 11
10397 14
10398 16
10399 11
10400 15
10401 10
10402 13
10403 11
10404 15
10405 18
10406 13
10407 17
10408 19
10409 13
10410 14
10411 22
10412 10
10413 14
10414 14
10415 11
10416 8
10417 18
10418 12
10419 14
10420 7
10421 18
10422 14
10423 7
10424 12
10425 9
10426 12
10427 10
10428 12
10429 14
10430 20
10431 16
10432 10
10433 33
10434 14
10435 6
10436 6
10437 19
10438 8
10439 11
10440 12
10441 12
10442 7
10443 15
10444 22
10445 20
10446 13
10447 18
10448 9
10449 20
10450 18
10451 15
10452 17
10453 12
10454 16
10455 10
10456 21
10457 13
10458 10
10459 14
10460 27
10461 14
10462 18
10463 12
10464 12
10465 14
10466 8
10467 14
10468 9
10469 10
10470 7
10471 15
10472 14
10473 13
10474 8
10475 12
10476 12
10477 10
10478 11
10479 26
10480 20
10481 12
10482 12
10483 18
10484 11
10485 16
10486 10
10487 24
10488 15
10489 33
10490 16
10491 14
10492 14
10493 11
10494 18
10495 14
10496 14
10497 10
10498 11
10499 18
10500 12
10501 17
10502 22
10503 29
10504 10
10505 32
10506 29
10507 18
10508 17
10509 8
10510 13
10511 21
10512 11
10513 14
10514 15
10515 15
10516 19
10517 14
10518 15
10519 9
10520 13
10521 25
10522 18
10523 11
10524 14
10525 15
10526 16
10527 16
10528 14
10529 7
10530 5
10531 20
10532 8
10533 16
10534 11
10535 13
10536 17
10537 10
10538 24
10539 10
10540 10
10541 20
10542 18
10543 23
10544 13
10545 12
10546 19
10547 7
10548 15
10549 16
10550 22
10551 12
10552 16
10553 20
10554 17
10555 20
10556 16
10557 12
10558 14
10559 18
10560 11
10561 17
10562 22
10563 14
10564 9
10565 19
10566 23
10567 14
10568 9
10569 12
10570 24
10571 12
10572 21
10573 12
10574 13
10575 12
10576 9
10577 8
10578 15
10579 13
10580 8
10581 20
10582 13
10583 19
10584 6
10585 21
10586 6
10587 25
10588 8
10589 13
10590 11
10591 9
10592 17
10593 24
10594 16
10595 27
10596 26
10597 16
10598 13
10599 18
10600 9
10601 11
10602 17
10603 15
10604 17
10605 9
10606 16
10607 9
10608 10
10609 18
10610 13
10611 25
10612 13
10613 10
10614 15
10615 8
10616 11
10617 22
10618 14
10619 10
10620 16
10621 22
10622 15
10623 29
10624 25
10625 21
10626 27
10627 22
10628 12
10629 11
10630 10
10631 21
10632 32
10633 20
10634 22
10635 17
10636 9
10637 28
10638 17
10639 20
10640 8
10641 10
10642 19
10643 18
10644 10
10645 10
10646 13
10647 10
10648 12
10649 21
10650 10
10651 18
10652 7
10653 20
10654 16
10655 23
10656 14
10657 10
10658 20
10659 13
10660 18
10661 10
10662 16
10663 22
10664 17
10665 13
10666 13
10667 8
10668 8
10669 12
10670 17
10671 12
10672 25
10673 9
10674 28
10675 9
10676 11
10677 28
10678 14
10679 29
10680 16
10681 15
10682 11
10683 13
10684 12
10685 12
10686 12
10687 14
10688 18
10689 8
10690 13
10691 17
10692 17
10693 21
10694 9
10695 16
10696 18
10697 16
10698 8
10699 17
10700 11
10701 15
10702 12
10703 14
10704 17
10705 12
10706 11
10707 18
10708 26
10709 9
10710 19
10711 12
10712 10
10713 17
10714 13
10715 16
10716 18
10717 22
10718 18
10719 18
10720 24
10721 12
10722 24
10723 18
10724 16
10725 28
10726 9
10727 10
10728 7
10729 17
10730 13
10731 10
10732 26
10733 11
10734 7
10735 13
10736 17
10737 14
10738 15
10739 17
10740 17
10741 11
10742 6
10743 15
10744 13
10745 25
10746 17
10747 26
10748 8
10749 12
10750 17
10751 10
10752 13
10753 11
10754 19
10755 29
10756 14
10757 8
10758 21
10759 13
10760 18
10761 17
10762 10
10763 13
10764 8
10765 16
10766 18
10767 16
10768 11
10769 7
10770 20
10771 18
10772 14
10773 13
10774 15
10775 24
10776 14
10777 9
10778 9
10779 15
10780 13
10781 7
10782 14
10783 10
10784 15
10785 10
10786 14
10787 11
10788 12
10789 14
10790 6
10791 17
10792 22
10793 27
10794 14
10795 31
10796 22
10797 13
10798 11
10799 14
10800 15
10801 19
10802 10
10803 11
10804 10
10805 15
10806 20
10807 14
10808 31
10809 18
10810 11
10811 11
10812 15
10813 9
10814 16
10815 13
10816 16
10817 13
10818 23
10819 18
10820 15
10821 21
10822 25
10823 14
10824 15
10825 12
10826 21
10827 16
10828 11
10829 17
10830 16
10831 15
10832 24
10833 14
10834 12
10835 9
10836 22
10837 11
10838 17
10839 18
10840 14
10841 18
10842 16
10843 12
10844 11
10845 15
10846 27
10847 8
10848 22
10849 17
10850 12
10851 9
10852 15
10853 11
10854 7
10855 18
10856 10
10857 17
10858 20
10859 10
10860 11
10861 14
10862 9
10863 13
10864 21
10865 22
10866 7
10867 15
10868 7
10869 13
10870 11
10871 8
10872 11
10873 17
10874 15
10875 19
10876 12
10877 22
10878 17
10879 9
10880 16
10881 14
10882 17
10883 17
10884 20
10885 23
10886 15
10887 16
10888 17
10889 11
10890 20
10891 17
10892 26
10893 29
10894 9
10895 24
10896 9
10897 21
10898 11
10899 16
10900 15
10901 13
10902 12
10903 16
10904 19
10905 17
10906 14
10907 8
10908 15
10909 22
10910 15
10911 21
10912 16
10913 8
10914 12
10915 7
10916 10
10917 12
10918 11
10919 16
10920 19
10921 17
10922 13
10923 18
10924 15
10925 13
10926 18
10927 11
10928 27
10929 17
10930 9
10931 10
10932 12
10933 11
10934 31
10935 14
10936 15
10937 15
10938 31
10939 15
10940 12
10941 17
10942 21
10943 17
10944 16
10945 15
10946 15
10947 17
10948 19
10949 19
10950 10
10951 8
10952 12
10953 8
10954 18
10955 20
10956 15
10957 13
10958 23
10959 18
10960 13
10961 8
10962 18
10963 19
10964 13
10965 7
10966 21
10967 12
10968 13
10969 21
10970 23
10971 12
10972 15
10973 9
10974 8
10975 7
10976 16
10977 26
10978 18
10979 10
10980 12
10981 13
10982 16
10983 11
10984 17
10985 19
10986 30
10987 11
10988 26
10989 19
10990 11
10991 19
10992 11
10993 22
10994 17
10995 8
10996 12
10997 13
10998 21
10999 19
11000 12
11001 9
11002 9
11003 25
11004 14
11005 19
11006 11
11007 18
11008 9
11009 7
11010 13
11011 19
11012 8
11013 9
11014 21
11015 21
11016 17
11017 10
11018 15
11019 12
11020 13
11021 21
11022 11
11023 15
11024 25
11025 14
11026 10
11027 11
11028 20
11029 22
11030 18
11031 17
11032 21
11033 12
11034 8
11035 7
11036 21
11037 19
11038 13
11039 8
11040 13
11041 30
11042 14
11043 12
11044 11
11045 23
11046 20
11047 21
11048 11
11049 8
11050 21
11051 9
11052 13
11053 11
11054 16
11055 13
11056 17
11057 8
11058 16
11059 10
11060 14
11061 17
11062 11
11063 8
11064 18
11065 8
11066 19
11067 16
11068 16
11069 21
11070 17
11071 7
11072 19
11073 18
11074 27
11075 15
11076 16
11077 14
11078 16
11079 14
11080 11
11081 10
11082 10
11083 17
11084 17
11085 14
11086 8
11087 12
11088 19
11089 16
11090 12
11091 10
11092 11
11093 8
11094 34
11095 22
11096 22
11097 24
11098 18
11099 14
11100 12
11101 9
11102 12
11103 20
11104 13
11105 25
11106 9
11107 15
11108 31
11109 12
11110 8
11111 20
11112 14
11113 13
11114 17
11115 13
11116 13
11117 17
11118 18
11119 9
11120 29
11121 15
11122 12
11123 16
11124 16
11125 10
11126 25
11127 8
11128 30
11129 13
11130 16
11131 14
11132 15
11133 14
11134 10
11135 30
11136 16
11137 10
11138 21
11139 12
11140 15
11141 10
11142 14
11143 10
11144 7
11145 26
11146 22
11147 24
11148 8
11149 16
11150 16
11151 13
11152 15
11153 15
11154 17
11155 9
11156 16
11157 12
11158 11
11159 23
11160 11
11161 14
11162 9
11163 10
11164 7
11165 11
11166 10
11167 7
11168 9
11169 15
11170 13
11171 6
11172 10
11173 14
11174 14
11175 8
11176 27
11177 13
11178 14
11179 14
11180 16
11181 17
11182 13
11183 15
11184 12
11185 19
11186 12
11187 25
11188 31
11189 19
11190 16
11191 11
11192 21
11193 24
11194 18
11195 10
11196 14
11197 16
11198 25
11199 7
11200 13
11201 27
11202 24
11203 15
11204 11
11205 8
11206 22
11207 20
11208 34
11209 15
11210 6
11211 12
11212 12
11213 11
11214 22
11215 17
11216 9
11217 11
11218 18
11219 13
11220 14
11221 29
11222 24
11223 9
11224 14
11225 22
11226 23
11227 7
11228 21
11229 7
11230 12
11231 16
11232 17
11233 8
11234 15
11235 15
11236 13
11237 9
11238 13
11239 9
11240 12
11241 15
11242 10
11243 18
11244 14
11245 16
11246 17
11247 18
11248 25
11249 18
11250 16
11251 12
11252 12
11253 7
11254 8
11255 17
11256 12
11257 11
11258 23
11259 15
11260 22
11261 12
11262 11
11263 28
11264 15
11265 24
11266 8
11267 14
11268 15
11269 14
11270 12
11271 14
11272 27
11273 23
11274 15
11275 15
11276 20
11277 11
11278 13
11279 11
11280 30
11281 10
11282 13
11283 8
11284 12
11285 13
11286 11
11287 13
11288 13
11289 23
11290 15
11291 25
11292 14
11293 14
11294 28
11295 28
11296 10
11297 10
11298 11
11299 14
11300 19
11301 8
11302 11
11303 21
11304 19
11305 21
11306 16
11307 12
11308 16
11309 10
11310 27
11311 20
11312 17
11313 12
11314 24
11315 31
11316 21
11317 16
11318 14
11319 12
11320 17
11321 14
11322 9
11323 12
11324 17
11325 12
11326 15
11327 15
11328 12
11329 18
11330 15
11331 13
11332 17
11333 6
11334 10
11335 13
11336 11
11337 14
11338 13
11339 23
11340 27
11341 22
11342 16
11343 6
11344 21
11345 23
11346 22
11347 15
11348 9
11349 13
11350 13
11351 16
11352 17
11353 16
11354 25
11355 24
11356 7
11357 14
11358 9
11359 10
11360 7
11361 8
11362 22
11363 14
11364 10
11365 16
11366 14
11367 12
11368 7
11369 20
11370 17
11371 16
11372 9
11373 16
11374 9
11375 9
11376 15
11377 19
11378 13
11379 13
11380 16
11381 18
11382 21
11383 12
11384 9
11385 12
11386 19
11387 16
11388 8
11389 14
11390 22
11391 13
11392 16
11393 18
11394 17
11395 13
11396 12
11397 11
11398 9
11399 16
11400 14
11401 10
11402 18
11403 13
11404 12
11405 20
11406 21
11407 12
11408 9
11409 16
11410 19
11411 13
11412 9
11413 32
11414 11
11415 17
11416 25
11417 22
11418 21
11419 25
11420 13
11421 11
11422 10
11423 25
11424 7
11425 16
11426 9
11427 14
11428 23
11429 28
11430 10
11431 16
11432 22
11433 10
11434 32
11435 20
11436 13
11437 10
11438 12
11439 20
11440 16
11441 7
11442 22
11443 18
11444 19
11445 23
11446 11
11447 11
11448 18
11449 7
11450 21
11451 10
11452 16
11453 10
11454 21
11455 18
11456 7
11457 18
11458 19
11459 17
11460 19
11461 15
11462 12
11463 15
11464 10
11465 22
11466 15
11467 19
11468 25
11469 15
11470 13
11471 19
11472 21
11473 9
11474 9
11475 12
11476 8
11477 14
11478 22
11479 8
11480 17
11481 10
11482 8
11483 13
11484 5
11485 13
11486 15
11487 12
11488 9
11489 9
11490 17
11491 13
11492 29
11493 25
11494 21
11495 19
11496 15
11497 14
11498 23
11499 12
11500 14
11501 15
11502 13
11503 22
11504 14
11505 24
11506 12
11507 26
11508 14
11509 18
11510 13
11511 20
11512 15
11513 12
11514 11
11515 20
11516 11
11517 26
11518 13
11519 9
11520 20
11521 15
11522 20
11523 4
11524 10
11525 28
11526 10
11527 8
11528 7
11529 11
11530 11
11531 9
11532 14
11533 29
11534 11
11535 13
11536 26
11537 15
11538 8
11539 14
11540 16
11541 30
11542 12
11543 17
11544 12
11545 9
11546 10
11547 16
11548 10
11549 24
11550 14
11551 15
11552 18
11553 8
11554 37
11555 10
11556 15
11557 8
11558 13
11559 29
11560 10
11561 29
11562 10
11563 18
11564 13
11565 12
11566 16
11567 14
11568 14
11569 17
11570 21
11571 19
11572 19
11573 16
11574 10
11575 21
11576 14
11577 15
11578 18
11579 14
11580 20
11581 23
11582 18
11583 11
11584 9
11585 28
11586 26
11587 9
11588 7
11589 12
11590 14
11591 19
11592 23
11593 9
11594 20
11595 8
11596 13
11597 6
11598 15
11599 14
11600 8
11601 13
11602 21
11603 11
11604 7
11605 18
11606 28
11607 19
11608 16
11609 14
11610 15
11611 19
11612 15
11613 15
11614 16
11615 11
11616 27
11617 23
11618 13
11619 17
11620 7
11621 11
11622 13
11623 9
11624 23
11625 7
11626 5
11627 15
11628 18
11629 13
11630 35
11631 13
11632 12
11633 12
11634 30
11635 17
11636 10
11637 19
11638 14
11639 10
11640 19
11641 14
11642 10
11643 13
11644 16
11645 16
11646 16
11647 8
11648 19
11649 8
11650 12
11651 24
11652 12
11653 10
11654 6
11655 10
11656 13
11657 24
11658 13
11659 18
11660 14
11661 15
11662 20
11663 30
11664 12
11665 8
11666 10
11667 16
11668 20
11669 21
11670 10
11671 29
11672 8
11673 13
11674 8
11675 25
11676 17
11677 25
11678 11
11679 21
11680 21
11681 31
11682 10
11683 30
11684 11
11685 9
11686 17
11687 28
11688 19
11689 23
11690 9
11691 21
11692 13
11693 10
11694 18
11695 11
11696 10
11697 13
11698 11
11699 16
11700 19
11701 13
11702 13
11703 12
11704 25
11705 16
11706 13
11707 6
11708 8
11709 13
11710 21
11711 19
11712 14
11713 19
11714 22
11715 18
11716 12
11717 16
11718 8
11719 11
11720 27
11721 13
11722 24
11723 21
11724 11
11725 7
11726 23
11727 21
11728 20
11729 8
11730 21
11731 19
11732 6
11733 8
11734 15
11735 9
11736 12
11737 24
11738 12
11739 20
11740 19
11741 25
11742 25
11743 12
11744 18
11745 32
11746 13
11747 8
11748 8
11749 9
11750 21
11751 14
11752 14
11753 13
11754 15
11755 13
11756 12
11757 15
11758 8
11759 13
11760 18
11761 12
11762 21
11763 27
11764 9
11765 6
11766 16
11767 15
11768 15
11769 14
11770 30
11771 24
11772 13
11773 11
11774 15
11775 19
11776 21
11777 15
11778 16
11779 25
11780 24
11781 13
11782 15
11783 19
11784 15
11785 17
11786 6
11787 21
11788 16
11789 9
11790 11
11791 20
11792 8
11793 16
11794 27
11795 10
11796 13
11797 10
11798 21
11799 16
11800 19
11801 12
11802 10
11803 10
11804 8
11805 10
11806 5
11807 17
11808 6
11809 11
11810 17
11811 12
11812 9
11813 23
11814 9
11815 13
11816 8
11817 16
11818 13
11819 20
11820 18
11821 14
11822 12
11823 7
11824 14
11825 19
11826 20
11827 18
11828 8
11829 21
11830 15
11831 14
11832 30
11833 22
11834 13
11835 8
11836 10
11837 19
11838 15
11839 10
11840 18
11841 17
11842 13
11843 12
11844 10
11845 18
11846 13
11847 12
11848 13
11849 9
11850 9
11851 20
11852 16
11853 25
11854 12
11855 14
11856 7
11857 18
11858 10
11859 11
11860 15
11861 15
11862 13
11863 15
11864 7
11865 10
11866 18
11867 23
11868 14
11869 34
11870 10
11871 18
11872 20
11873 12
11874 18
11875 18
11876 8
11877 26
11878 20
11879 20
11880 11
11881 15
11882 14
11883 4
11884 21
11885 16
11886 21
11887 19
11888 22
11889 12
11890 18
11891 17
11892 13
11893 21
11894 7
11895 21
11896 16
11897 12
11898 13
11899 15
11900 14
11901 19
11902 20
11903 15
11904 11
11905 8
11906 9
11907 16
11908 18
11909 17
11910 23
11911 12
11912 11
11913 15
11914 17
11915 30
11916 19
11917 16
11918 18
11919 10
11920 17
11921 22
11922 17
11923 11
11924 18
11925 4
11926 16
11927 11
11928 8
11929 8
11930 16
11931 11
11932 5
11933 22
11934 11
11935 14
11936 12
11937 18
11938 9
11939 13
11940 20
11941 17
11942 14
11943 25
11944 13
11945 31
11946 8
11947 21
11948 13
11949 15
11950 16
11951 13
11952 23
11953 11
11954 8
11955 12
11956 28
11957 8
11958 24
11959 29
11960 9
11961 21
11962 7
11963 18
11964 21
11965 11
11966 16
11967 31
11968 15
11969 13
11970 7
11971 18
11972 10
11973 15
11974 10
11975 12
11976 19
11977 20
11978 12
11979 5
11980 27
11981 26
11982 18
11983 22
11984 16
11985 10
11986 14
11987 15
11988 5
11989 16
11990 12
11991 18
11992 11
11993 13
11994 16
11995 10
11996 16
11997 7
11998 12
11999 12
12000 14
12001 9
12002 13
12003 14
12004 18
12005 19
12006 18
12007 23
12008 7
12009 24
12010 8
12011 21
12012 12
12013 6
12014 13
12015 12
12016 20
12017 15
12018 7
12019 10
12020 13
12021 7
12022 8
12023 10
12024 23
12025 11
12026 12
12027 11
12028 15
12029 12
12030 10
12031 22
12032 20
12033 16
12034 25
12035 13
12036 12
12037 19
12038 10
12039 12
12040 11
12041 12
12042 12
12043 16
12044 19
12045 13
12046 10
12047 20
12048 26
12049 15
12050 16
12051 17
12052 22
12053 21
12054 14
12055 13
12056 13
12057 15
12058 13
12059 7
12060 12
12061 12
12062 21
12063 29
12064 17
12065 6
12066 11
12067 14
12068 24
12069 19
12070 16
12071 14
12072 18
12073 7
12074 14
12075 15
12076 11
12077 15
12078 20
12079 21
12080 23
12081 16
12082 21
12083 12
12084 27
12085 19
12086 25
12087 17
12088 17
12089 17
12090 12
12091 27
12092 16
12093 10
12094 17
12095 21
12096 12
12097 25
12098 15
12099 15
12100 15
12101 9
12102 11
12103 7
12104 11
12105 20
12106 14
12107 6
12108 12
12109 20
12110 11
12111 10
12112 31
12113 9
12114 16
12115 15
12116 9
12117 8
12118 7
12119 14
12120 14
12121 19
12122 11
12123 13
12124 14
12125 21
12126 10
12127 22
12128 8
12129 8
12130 10
12131 15
12132 14
12133 13
12134 9
12135 14
12136 11
12137 30
12138 11
12139 11
12140 16
12141 11
12142 8
12143 18
12144 11
12145 10
12146 26
12147 20
12148 23
12149 11
12150 13
12151 15
12152 16
12153 10
12154 9
12155 14
12156 16
12157 14
12158 13
12159 9
12160 20
12161 10
12162 8
12163 14
12164 6
12165 19
12166 12
12167 8
12168 19
12169 13
12170 22
12171 15
12172 9
12173 28
12174 14
12175 26
12176 15
12177 10
12178 14
12179 10
12180 16
12181 9
12182 25
12183 15
12184 15
12185 12
12186 27
12187 6
12188 15
12189 14
12190 17
12191 9
12192 11
12193 17
12194 24
12195 12
12196 19
12197 14
12198 12
12199 10
12200 16
12201 18
12202 14
12203 28
12204 17
12205 8
12206 9
12207 15
12208 18
12209 18
12210 29
12211 20
12212 10
12213 17
12214 19
12215 8
12216 12
12217 15
12218 10
12219 22
12220 21
12221 12
12222 15
12223 13
12224 15
12225 16
12226 25
12227 8
12228 26
12229 5
12230 11
12231 18
12232 18
12233 11
12234 23
12235 10
12236 15
12237 13
12238 19
12239 18
12240 12
12241 18
12242 14
12243 20
12244 14
12245 19
12246 22
12247 13
12248 11
12249 14
12250 21
12251 27
12252 17
12253 10
12254 17
12255 11
12256 26
12257 14
12258 19
12259 0
